variant	af	filter-pvalue	lrt-pvalue	beta	beta-std-err	variant_h2	notes	sensi_1	sensi_0	speci_1	speci_0	mutation_in_interest	mutation_not_in_interest	mutation_in_compared	mutation_not_in_compared
group_1010	0.983	0.154	0.25	0.311	0.26899999999999996	0.106	bad-chisq	1.0	0.0	0.033333333333333326	0.9666666666666667	60	0	58	2
group_254	0.983	0.154	0.513	0.27	0.41200000000000003	0.0603	bad-chisq	1.0	0.0	0.033333333333333326	0.9666666666666667	60	0	58	2
group_47	0.983	0.154	0.831	0.072	0.337	0.0196	bad-chisq	1.0	0.0	0.033333333333333326	0.9666666666666667	60	0	58	2
kdgM_2	0.983	0.154	0.513	0.27	0.41200000000000003	0.0603	bad-chisq	1.0	0.0	0.033333333333333326	0.9666666666666667	60	0	58	2
dinI	0.983	0.154	0.47200000000000003	0.409	0.5670000000000001	0.0663	bad-chisq	1.0	0.0	0.033333333333333326	0.9666666666666667	60	0	58	2
cesT	0.983	0.154	0.8540000000000001	0.0697	0.379	0.0169	bad-chisq	1.0	0.0	0.033333333333333326	0.9666666666666667	60	0	58	2
gntT_2	0.983	0.154	0.754	0.0854	0.272	0.0289	bad-chisq	1.0	0.0	0.033333333333333326	0.9666666666666667	60	0	58	2
group_1063	0.975	0.5589999999999999	0.449	0.155	0.205	0.0697	bad-chisq	0.9666666666666667	0.03333333333333333	0.01666666666666672	0.9833333333333333	58	2	59	1
group_1067	0.975	0.5589999999999999	0.449	0.155	0.205	0.0697	bad-chisq	0.9666666666666667	0.03333333333333333	0.01666666666666672	0.9833333333333333	58	2	59	1
group_1068	0.975	0.5589999999999999	0.449	0.155	0.205	0.0697	bad-chisq	0.9666666666666667	0.03333333333333333	0.01666666666666672	0.9833333333333333	58	2	59	1
traA	0.975	0.5589999999999999	0.449	0.155	0.205	0.0697	bad-chisq	0.9666666666666667	0.03333333333333333	0.01666666666666672	0.9833333333333333	58	2	59	1
group_1074	0.975	0.5589999999999999	0.449	0.155	0.205	0.0697	bad-chisq	0.9666666666666667	0.03333333333333333	0.01666666666666672	0.9833333333333333	58	2	59	1
group_1075	0.975	0.5589999999999999	0.449	0.155	0.205	0.0697	bad-chisq	0.9666666666666667	0.03333333333333333	0.01666666666666672	0.9833333333333333	58	2	59	1
group_1076	0.975	0.5589999999999999	0.449	0.155	0.205	0.0697	bad-chisq	0.9666666666666667	0.03333333333333333	0.01666666666666672	0.9833333333333333	58	2	59	1
virB	0.975	0.5589999999999999	0.449	0.155	0.205	0.0697	bad-chisq	0.9666666666666667	0.03333333333333333	0.01666666666666672	0.9833333333333333	58	2	59	1
group_1079	0.975	0.5589999999999999	0.449	0.155	0.205	0.0697	bad-chisq	0.9666666666666667	0.03333333333333333	0.01666666666666672	0.9833333333333333	58	2	59	1
group_1080	0.975	0.5589999999999999	0.449	0.155	0.205	0.0697	bad-chisq	0.9666666666666667	0.03333333333333333	0.01666666666666672	0.9833333333333333	58	2	59	1
group_1081	0.975	0.5589999999999999	0.449	0.155	0.205	0.0697	bad-chisq	0.9666666666666667	0.03333333333333333	0.01666666666666672	0.9833333333333333	58	2	59	1
group_1082	0.975	0.5589999999999999	0.449	0.155	0.205	0.0697	bad-chisq	0.9666666666666667	0.03333333333333333	0.01666666666666672	0.9833333333333333	58	2	59	1
smc	0.975	0.5589999999999999	0.449	0.155	0.205	0.0697	bad-chisq	0.9666666666666667	0.03333333333333333	0.01666666666666672	0.9833333333333333	58	2	59	1
group_1084	0.975	0.5589999999999999	0.449	0.155	0.205	0.0697	bad-chisq	0.9666666666666667	0.03333333333333333	0.01666666666666672	0.9833333333333333	58	2	59	1
hin	0.975	0.5589999999999999	0.449	0.155	0.205	0.0697	bad-chisq	0.9666666666666667	0.03333333333333333	0.01666666666666672	0.9833333333333333	58	2	59	1
group_1086	0.975	0.5589999999999999	0.449	0.155	0.205	0.0697	bad-chisq	0.9666666666666667	0.03333333333333333	0.01666666666666672	0.9833333333333333	58	2	59	1
group_1087	0.975	0.5589999999999999	0.449	0.155	0.205	0.0697	bad-chisq	0.9666666666666667	0.03333333333333333	0.01666666666666672	0.9833333333333333	58	2	59	1
group_1116	0.975	0.0794	0.6729999999999999	0.157	0.37200000000000005	0.0389	bad-chisq	1.0	0.0	0.050000000000000044	0.95	60	0	57	3
yeeN	0.975	0.0794	0.6729999999999999	0.157	0.37200000000000005	0.0389	bad-chisq	1.0	0.0	0.050000000000000044	0.95	60	0	57	3
tfaE_1	0.975	0.0794	0.615	0.111	0.21899999999999997	0.0464	bad-chisq	1.0	0.0	0.050000000000000044	0.95	60	0	57	3
group_24	0.975	0.5589999999999999	0.449	0.155	0.205	0.0697	bad-chisq	0.9666666666666667	0.03333333333333333	0.01666666666666672	0.9833333333333333	58	2	59	1
group_252	0.975	0.0794	0.615	0.111	0.21899999999999997	0.0464	bad-chisq	1.0	0.0	0.050000000000000044	0.95	60	0	57	3
group_28	0.975	0.0794	0.615	0.111	0.21899999999999997	0.0464	bad-chisq	1.0	0.0	0.050000000000000044	0.95	60	0	57	3
group_389	0.975	0.5589999999999999	0.449	0.155	0.205	0.0697	bad-chisq	0.9666666666666667	0.03333333333333333	0.01666666666666672	0.9833333333333333	58	2	59	1
group_390	0.975	0.5589999999999999	0.449	0.155	0.205	0.0697	bad-chisq	0.9666666666666667	0.03333333333333333	0.01666666666666672	0.9833333333333333	58	2	59	1
ccmD	0.975	0.5589999999999999	0.7020000000000001	0.10300000000000001	0.26899999999999996	0.0353	bad-chisq	0.9833333333333333	0.016666666666666666	0.033333333333333326	0.9666666666666667	59	1	58	2
ccmE	0.975	0.5589999999999999	0.7020000000000001	0.10300000000000001	0.26899999999999996	0.0353	bad-chisq	0.9833333333333333	0.016666666666666666	0.033333333333333326	0.9666666666666667	59	1	58	2
group_48	0.975	0.0794	0.615	0.111	0.21899999999999997	0.0464	bad-chisq	1.0	0.0	0.050000000000000044	0.95	60	0	57	3
ccmF_2	0.975	0.5589999999999999	0.9940000000000001	0.00232	0.29	0.000734	bad-chisq	0.9833333333333333	0.016666666666666666	0.033333333333333326	0.9666666666666667	59	1	58	2
group_6025	0.975	0.0794	0.315	0.245	0.243	0.0926	bad-chisq	1.0	0.0	0.050000000000000044	0.95	60	0	57	3
group_727	0.975	0.5589999999999999	0.449	0.155	0.205	0.0697	bad-chisq	0.9666666666666667	0.03333333333333333	0.01666666666666672	0.9833333333333333	58	2	59	1
finO	0.975	0.5589999999999999	0.449	0.155	0.205	0.0697	bad-chisq	0.9666666666666667	0.03333333333333333	0.01666666666666672	0.9833333333333333	58	2	59	1
group_729	0.975	0.5589999999999999	0.449	0.155	0.205	0.0697	bad-chisq	0.9666666666666667	0.03333333333333333	0.01666666666666672	0.9833333333333333	58	2	59	1
group_730	0.975	0.5589999999999999	0.449	0.155	0.205	0.0697	bad-chisq	0.9666666666666667	0.03333333333333333	0.01666666666666672	0.9833333333333333	58	2	59	1
group_731	0.975	0.5589999999999999	0.449	0.155	0.205	0.0697	bad-chisq	0.9666666666666667	0.03333333333333333	0.01666666666666672	0.9833333333333333	58	2	59	1
noc	0.975	0.5589999999999999	0.449	0.155	0.205	0.0697	bad-chisq	0.9666666666666667	0.03333333333333333	0.01666666666666672	0.9833333333333333	58	2	59	1
parA	0.975	0.5589999999999999	0.449	0.155	0.205	0.0697	bad-chisq	0.9666666666666667	0.03333333333333333	0.01666666666666672	0.9833333333333333	58	2	59	1
group_735	0.975	0.5589999999999999	0.449	0.155	0.205	0.0697	bad-chisq	0.9666666666666667	0.03333333333333333	0.01666666666666672	0.9833333333333333	58	2	59	1
group_736	0.975	0.5589999999999999	0.449	0.155	0.205	0.0697	bad-chisq	0.9666666666666667	0.03333333333333333	0.01666666666666672	0.9833333333333333	58	2	59	1
mkaC	0.975	0.5589999999999999	0.449	0.155	0.205	0.0697	bad-chisq	0.9666666666666667	0.03333333333333333	0.01666666666666672	0.9833333333333333	58	2	59	1
sopE	0.975	0.0794	0.615	0.111	0.21899999999999997	0.0464	bad-chisq	1.0	0.0	0.050000000000000044	0.95	60	0	57	3
group_876	0.975	0.0794	0.615	0.111	0.21899999999999997	0.0464	bad-chisq	1.0	0.0	0.050000000000000044	0.95	60	0	57	3
group_878	0.975	0.0794	0.615	0.111	0.21899999999999997	0.0464	bad-chisq	1.0	0.0	0.050000000000000044	0.95	60	0	57	3
group_879	0.975	0.0794	0.615	0.111	0.21899999999999997	0.0464	bad-chisq	1.0	0.0	0.050000000000000044	0.95	60	0	57	3
group_880	0.975	0.0794	0.615	0.111	0.21899999999999997	0.0464	bad-chisq	1.0	0.0	0.050000000000000044	0.95	60	0	57	3
group_916	0.975	0.0794	0.57	0.177	0.31	0.0524	bad-chisq	1.0	0.0	0.050000000000000044	0.95	60	0	57	3
group_976	0.975	0.5589999999999999	0.904	0.0269	0.221	0.0112	bad-chisq	0.9666666666666667	0.03333333333333333	0.01666666666666672	0.9833333333333333	58	2	59	1
umuC_2	0.975	0.0794	0.483	-0.153	0.217	0.0647	bad-chisq	0.95	0.05	0.0	1.0	57	3	60	0
group_251	0.9670000000000001	0.0419	0.614	0.10300000000000001	0.204	0.0465	bad-chisq	1.0	0.0	0.06666666666666665	0.9333333333333333	60	0	56	4
group_388	0.9670000000000001	0.309	0.762	-0.0554	0.183	0.0279	bad-chisq	0.95	0.05	0.01666666666666672	0.9833333333333333	57	3	59	1
group_518	0.9670000000000001	0.0419	0.611	0.111	0.218	0.0469	bad-chisq	1.0	0.0	0.06666666666666665	0.9333333333333333	60	0	56	4
group_519	0.9670000000000001	0.0419	0.586	0.11800000000000001	0.215	0.0502	bad-chisq	1.0	0.0	0.06666666666666665	0.9333333333333333	60	0	56	4
group_762	0.9670000000000001	0.0419	0.7959999999999999	-0.0575	0.222	0.0238	bad-chisq	0.9333333333333333	0.06666666666666667	0.0	1.0	56	4	60	0
group_877	0.9670000000000001	0.0419	0.611	0.111	0.218	0.0469	bad-chisq	1.0	0.0	0.06666666666666665	0.9333333333333333	60	0	56	4
traM	0.958	0.648	0.332	0.17800000000000002	0.183	0.0894	bad-chisq	0.9666666666666667	0.03333333333333333	0.050000000000000044	0.95	58	2	57	3
group_925	0.958	0.648	0.7290000000000001	-0.0675	0.19399999999999998	0.0319	bad-chisq	0.9666666666666667	0.03333333333333333	0.050000000000000044	0.95	58	2	57	3
group_1060	0.9420000000000001	0.6970000000000001	0.484	-0.126	0.18	0.0645	bad-chisq	0.9333333333333333	0.06666666666666667	0.050000000000000044	0.95	56	4	57	3
group_858	0.9329999999999999	0.0281	0.122	-0.47100000000000003	0.302	0.142	bad-chisq	0.8833333333333333	0.11666666666666667	0.01666666666666672	0.9833333333333333	53	7	59	1
group_865	0.917	0.0475	0.40299999999999997	-0.655	0.78	0.0771		0.8666666666666667	0.13333333333333333	0.033333333333333326	0.9666666666666667	52	8	58	2
mrr	0.9079999999999999	0.752	0.145	-0.36	0.245	0.134		0.9166666666666666	0.08333333333333333	0.09999999999999998	0.9	55	5	54	6
group_1119	0.9079999999999999	0.752	0.145	-0.36	0.245	0.134		0.9166666666666666	0.08333333333333333	0.09999999999999998	0.9	55	5	54	6
group_1134	0.9079999999999999	0.34299999999999997	0.909	-0.016	0.14	0.0106		0.8833333333333333	0.11666666666666667	0.06666666666666665	0.9333333333333333	53	7	56	4
group_239	0.9079999999999999	0.114	0.45799999999999996	-0.535	0.718	0.0684		0.8666666666666667	0.13333333333333333	0.050000000000000044	0.95	52	8	57	3
group_44	0.9079999999999999	0.752	0.145	-0.36	0.245	0.134		0.9166666666666666	0.08333333333333333	0.09999999999999998	0.9	55	5	54	6
group_767	0.9079999999999999	0.752	0.145	-0.36	0.245	0.134		0.9166666666666666	0.08333333333333333	0.09999999999999998	0.9	55	5	54	6
group_1120	0.9	0.5429999999999999	0.151	-0.353	0.244	0.132		0.9166666666666666	0.08333333333333333	0.1166666666666667	0.8833333333333333	55	5	53	7
group_1121	0.9	0.5429999999999999	0.151	-0.353	0.244	0.132		0.9166666666666666	0.08333333333333333	0.1166666666666667	0.8833333333333333	55	5	53	7
intQ	0.883	0.000644	0.401	0.665	0.789	0.0774	bad-chisq	0.9833333333333333	0.016666666666666666	0.21666666666666667	0.7833333333333333	59	1	47	13
group_490	0.883	0.000644	0.401	0.665	0.789	0.0774	bad-chisq	0.9833333333333333	0.016666666666666666	0.21666666666666667	0.7833333333333333	59	1	47	13
group_862	0.883	0.000644	0.401	0.665	0.789	0.0774	bad-chisq	0.9833333333333333	0.016666666666666666	0.21666666666666667	0.7833333333333333	59	1	47	13
yedK	0.883	0.000644	0.401	0.665	0.789	0.0774	bad-chisq	0.9833333333333333	0.016666666666666666	0.21666666666666667	0.7833333333333333	59	1	47	13
group_89	0.875	0.000333	0.424	0.581	0.725	0.0736	bad-chisq	0.9833333333333333	0.016666666666666666	0.23333333333333328	0.7666666666666666	59	1	46	14
group_1088	0.858	0.00398	0.345	0.187	0.198	0.0869		0.95	0.05	0.23333333333333328	0.7666666666666666	57	3	46	14
mkaB	0.858	0.00398	0.345	0.187	0.198	0.0869		0.95	0.05	0.23333333333333328	0.7666666666666666	57	3	46	14
group_1090	0.858	0.00398	0.345	0.187	0.198	0.0869		0.95	0.05	0.23333333333333328	0.7666666666666666	57	3	46	14
spvC	0.858	0.00398	0.345	0.187	0.198	0.0869		0.95	0.05	0.23333333333333328	0.7666666666666666	57	3	46	14
group_1092	0.858	0.00398	0.345	0.187	0.198	0.0869		0.95	0.05	0.23333333333333328	0.7666666666666666	57	3	46	14
group_1093	0.858	0.00398	0.345	0.187	0.198	0.0869		0.95	0.05	0.23333333333333328	0.7666666666666666	57	3	46	14
xerD_1	0.858	0.00398	0.345	0.187	0.198	0.0869		0.95	0.05	0.23333333333333328	0.7666666666666666	57	3	46	14
group_1095	0.858	0.00398	0.345	0.187	0.198	0.0869		0.95	0.05	0.23333333333333328	0.7666666666666666	57	3	46	14
ccdB_1	0.858	0.00398	0.345	0.187	0.198	0.0869		0.95	0.05	0.23333333333333328	0.7666666666666666	57	3	46	14
ccdA	0.858	0.00398	0.345	0.187	0.198	0.0869		0.95	0.05	0.23333333333333328	0.7666666666666666	57	3	46	14
group_181	0.858	0.00398	0.345	0.187	0.198	0.0869		0.95	0.05	0.23333333333333328	0.7666666666666666	57	3	46	14
group_690	0.858	0.191	0.987	-0.00179	0.106	0.00155		0.9	0.1	0.18333333333333335	0.8166666666666667	54	6	49	11
spvB	0.858	0.00398	0.345	0.187	0.198	0.0869		0.95	0.05	0.23333333333333328	0.7666666666666666	57	3	46	14
vsdE	0.858	0.00398	0.345	0.187	0.198	0.0869		0.95	0.05	0.23333333333333328	0.7666666666666666	57	3	46	14
group_740	0.858	0.00398	0.345	0.187	0.198	0.0869		0.95	0.05	0.23333333333333328	0.7666666666666666	57	3	46	14
pdeL	0.858	0.00398	0.345	0.187	0.198	0.0869		0.95	0.05	0.23333333333333328	0.7666666666666666	57	3	46	14
group_982	0.858	0.0669	0.41	-0.0805	0.0974	0.0759		0.8	0.2	0.08333333333333337	0.9166666666666666	48	12	55	5
group_1096	0.85	0.0106	0.47700000000000004	0.127	0.17800000000000002	0.0656		0.9333333333333333	0.06666666666666667	0.23333333333333328	0.7666666666666666	56	4	46	14
group_4763	0.825	0.0926	0.722	0.0839	0.235	0.0328		0.8833333333333333	0.11666666666666667	0.23333333333333328	0.7666666666666666	53	7	46	14
group_777	0.8079999999999999	0.00257	0.85	-0.0276	0.146	0.0174		0.9166666666666666	0.08333333333333333	0.30000000000000004	0.7	55	5	42	18
recF_2	0.8	0.171	0.9890000000000001	-0.0216	1.59	0.00125		0.85	0.15	0.25	0.75	51	9	45	15
group_1061	0.8	0.171	0.9890000000000001	-0.0216	1.59	0.00125		0.85	0.15	0.25	0.75	51	9	45	15
group_265	0.8	0.171	0.9890000000000001	-0.0216	1.59	0.00125		0.85	0.15	0.25	0.75	51	9	45	15
yecS_1	0.8	0.171	0.9890000000000001	-0.0216	1.59	0.00125		0.85	0.15	0.25	0.75	51	9	45	15
group_489	0.8	0.171	0.9890000000000001	-0.0216	1.59	0.00125		0.85	0.15	0.25	0.75	51	9	45	15
kilR	0.8	0.171	0.9890000000000001	-0.0216	1.59	0.00125		0.85	0.15	0.25	0.75	51	9	45	15
group_542	0.8	0.171	0.9890000000000001	-0.0216	1.59	0.00125		0.85	0.15	0.25	0.75	51	9	45	15
yecS_2	0.8	0.171	0.9890000000000001	-0.0216	1.59	0.00125		0.85	0.15	0.25	0.75	51	9	45	15
glnQ_1	0.8	0.171	0.9890000000000001	-0.0216	1.59	0.00125		0.85	0.15	0.25	0.75	51	9	45	15
group_556	0.8	0.171	0.9890000000000001	-0.0216	1.59	0.00125		0.85	0.15	0.25	0.75	51	9	45	15
group_67	0.8	0.171	0.9890000000000001	-0.0216	1.59	0.00125		0.85	0.15	0.25	0.75	51	9	45	15
group_861	0.8	0.171	0.9890000000000001	-0.0216	1.59	0.00125		0.85	0.15	0.25	0.75	51	9	45	15
group_891	0.8	0.171	0.9890000000000001	-0.0216	1.59	0.00125		0.85	0.15	0.25	0.75	51	9	45	15
ydfB	0.8	0.171	0.9890000000000001	-0.0216	1.59	0.00125		0.85	0.15	0.25	0.75	51	9	45	15
group_893	0.8	0.171	0.9890000000000001	-0.0216	1.59	0.00125		0.85	0.15	0.25	0.75	51	9	45	15
group_894	0.8	0.171	0.9890000000000001	-0.0216	1.59	0.00125		0.85	0.15	0.25	0.75	51	9	45	15
group_895	0.8	0.171	0.9890000000000001	-0.0216	1.59	0.00125		0.85	0.15	0.25	0.75	51	9	45	15
group_897	0.8	0.171	0.9890000000000001	-0.0216	1.59	0.00125		0.85	0.15	0.25	0.75	51	9	45	15
ybcO	0.8	0.171	0.9890000000000001	-0.0216	1.59	0.00125		0.85	0.15	0.25	0.75	51	9	45	15
group_899	0.8	0.171	0.9890000000000001	-0.0216	1.59	0.00125		0.85	0.15	0.25	0.75	51	9	45	15
group_900	0.8	0.171	0.9890000000000001	-0.0216	1.59	0.00125		0.85	0.15	0.25	0.75	51	9	45	15
group_901	0.8	0.171	0.9890000000000001	-0.0216	1.59	0.00125		0.85	0.15	0.25	0.75	51	9	45	15
group_902	0.8	0.171	0.9890000000000001	-0.0216	1.59	0.00125		0.85	0.15	0.25	0.75	51	9	45	15
group_903	0.8	0.171	0.9890000000000001	-0.0216	1.59	0.00125		0.85	0.15	0.25	0.75	51	9	45	15
group_1138	0.792	0.261	0.47200000000000003	-0.284	0.39399999999999996	0.0662		0.8333333333333334	0.16666666666666666	0.25	0.75	50	10	45	15
group_49	0.792	0.11599999999999999	0.971	0.0432	1.2	0.0033		0.85	0.15	0.2666666666666667	0.7333333333333334	51	9	44	16
group_849	0.792	0.11599999999999999	0.733	0.19899999999999998	0.5820000000000001	0.0315		0.85	0.15	0.2666666666666667	0.7333333333333334	51	9	44	16
group_888	0.792	0.11599999999999999	0.511	0.355	0.5379999999999999	0.0605		0.85	0.15	0.2666666666666667	0.7333333333333334	51	9	44	16
group_889	0.792	0.11599999999999999	0.971	0.0432	1.2	0.0033		0.85	0.15	0.2666666666666667	0.7333333333333334	51	9	44	16
group_890	0.792	0.11599999999999999	0.971	0.0432	1.2	0.0033		0.85	0.15	0.2666666666666667	0.7333333333333334	51	9	44	16
group_896	0.792	0.11599999999999999	0.971	0.0432	1.2	0.0033		0.85	0.15	0.2666666666666667	0.7333333333333334	51	9	44	16
group_905	0.792	0.11599999999999999	0.971	0.0432	1.2	0.0033		0.85	0.15	0.2666666666666667	0.7333333333333334	51	9	44	16
group_971	0.792	0.11599999999999999	0.971	0.0432	1.2	0.0033		0.85	0.15	0.2666666666666667	0.7333333333333334	51	9	44	16
group_543	0.7829999999999999	0.184	0.18600000000000003	-0.59	0.44299999999999995	0.122		0.8333333333333334	0.16666666666666666	0.2666666666666667	0.7333333333333334	50	10	44	16
group_1064	0.775	0.27399999999999997	0.45399999999999996	0.153	0.203	0.069		0.8166666666666667	0.18333333333333332	0.2666666666666667	0.7333333333333334	49	11	44	16
group_1065	0.775	0.27399999999999997	0.45399999999999996	0.153	0.203	0.069		0.8166666666666667	0.18333333333333332	0.2666666666666667	0.7333333333333334	49	11	44	16
group_1066	0.775	0.27399999999999997	0.45399999999999996	0.153	0.203	0.069		0.8166666666666667	0.18333333333333332	0.2666666666666667	0.7333333333333334	49	11	44	16
traY	0.775	0.27399999999999997	0.45399999999999996	0.153	0.203	0.069		0.8166666666666667	0.18333333333333332	0.2666666666666667	0.7333333333333334	49	11	44	16
umuC_1	0.775	0.27399999999999997	0.45399999999999996	0.153	0.203	0.069		0.8166666666666667	0.18333333333333332	0.2666666666666667	0.7333333333333334	49	11	44	16
group_1099	0.775	0.27399999999999997	0.45399999999999996	0.153	0.203	0.069		0.8166666666666667	0.18333333333333332	0.2666666666666667	0.7333333333333334	49	11	44	16
repB	0.775	0.27399999999999997	0.45399999999999996	0.153	0.203	0.069		0.8166666666666667	0.18333333333333332	0.2666666666666667	0.7333333333333334	49	11	44	16
group_1101	0.775	0.27399999999999997	0.45399999999999996	0.153	0.203	0.069		0.8166666666666667	0.18333333333333332	0.2666666666666667	0.7333333333333334	49	11	44	16
papB	0.775	0.27399999999999997	0.45399999999999996	0.153	0.203	0.069		0.8166666666666667	0.18333333333333332	0.2666666666666667	0.7333333333333334	49	11	44	16
group_1103	0.775	0.27399999999999997	0.45399999999999996	0.153	0.203	0.069		0.8166666666666667	0.18333333333333332	0.2666666666666667	0.7333333333333334	49	11	44	16
group_1104	0.775	0.27399999999999997	0.45399999999999996	0.153	0.203	0.069		0.8166666666666667	0.18333333333333332	0.2666666666666667	0.7333333333333334	49	11	44	16
faeE	0.775	0.27399999999999997	0.45399999999999996	0.153	0.203	0.069		0.8166666666666667	0.18333333333333332	0.2666666666666667	0.7333333333333334	49	11	44	16
group_1106	0.775	0.27399999999999997	0.45399999999999996	0.153	0.203	0.069		0.8166666666666667	0.18333333333333332	0.2666666666666667	0.7333333333333334	49	11	44	16
group_1108	0.775	0.126	0.635	0.11199999999999999	0.235	0.0438		0.8333333333333334	0.16666666666666666	0.2833333333333333	0.7166666666666667	50	10	43	17
ail_1	0.775	0.27399999999999997	0.45399999999999996	0.153	0.203	0.069		0.8166666666666667	0.18333333333333332	0.2666666666666667	0.7333333333333334	49	11	44	16
umuD	0.775	0.27399999999999997	0.45399999999999996	0.153	0.203	0.069		0.8166666666666667	0.18333333333333332	0.2666666666666667	0.7333333333333334	49	11	44	16
traJ	0.767	0.195	0.452	0.152	0.20199999999999999	0.0693		0.8166666666666667	0.18333333333333332	0.2833333333333333	0.7166666666666667	49	11	43	17
group_1107	0.767	0.38799999999999996	0.687	0.072	0.17800000000000002	0.0372		0.8	0.2	0.2666666666666667	0.7333333333333334	48	12	44	16
group_110	0.758	5.0900000000000004e-05	0.0167	0.273	0.113	0.218		0.9166666666666666	0.08333333333333333	0.4	0.6	55	5	36	24
group_1156	0.758	0.00557	0.831	-0.0723	0.33799999999999997	0.0197		0.8666666666666667	0.13333333333333333	0.35	0.65	52	8	39	21
smc_2	0.758	0.00557	0.831	-0.0723	0.33799999999999997	0.0197		0.8666666666666667	0.13333333333333333	0.35	0.65	52	8	39	21
group_1158	0.758	0.00557	0.831	-0.0723	0.33799999999999997	0.0197		0.8666666666666667	0.13333333333333333	0.35	0.65	52	8	39	21
gpFI	0.758	0.00557	0.831	-0.0723	0.33799999999999997	0.0197		0.8666666666666667	0.13333333333333333	0.35	0.65	52	8	39	21
group_1170	0.758	0.00557	0.831	-0.0723	0.33799999999999997	0.0197		0.8666666666666667	0.13333333333333333	0.35	0.65	52	8	39	21
group_1171	0.758	0.00557	0.831	-0.0723	0.33799999999999997	0.0197		0.8666666666666667	0.13333333333333333	0.35	0.65	52	8	39	21
group_1183	0.758	0.00557	0.831	-0.0723	0.33799999999999997	0.0197		0.8666666666666667	0.13333333333333333	0.35	0.65	52	8	39	21
group_421	0.758	0.00557	0.831	-0.0723	0.33799999999999997	0.0197		0.8666666666666667	0.13333333333333333	0.35	0.65	52	8	39	21
group_780	0.758	0.00557	0.831	-0.0723	0.33799999999999997	0.0197		0.8666666666666667	0.13333333333333333	0.35	0.65	52	8	39	21
group_781	0.758	0.00557	0.831	-0.0723	0.33799999999999997	0.0197		0.8666666666666667	0.13333333333333333	0.35	0.65	52	8	39	21
group_782	0.758	0.00557	0.831	-0.0723	0.33799999999999997	0.0197		0.8666666666666667	0.13333333333333333	0.35	0.65	52	8	39	21
group_784	0.758	0.00557	0.831	-0.0723	0.33799999999999997	0.0197		0.8666666666666667	0.13333333333333333	0.35	0.65	52	8	39	21
group_785	0.758	0.00557	0.831	-0.0723	0.33799999999999997	0.0197		0.8666666666666667	0.13333333333333333	0.35	0.65	52	8	39	21
group_786	0.758	0.00557	0.831	-0.0723	0.33799999999999997	0.0197		0.8666666666666667	0.13333333333333333	0.35	0.65	52	8	39	21
group_1163	0.742	0.00176	0.672	0.33899999999999997	0.799	0.0391		0.8666666666666667	0.13333333333333333	0.3833333333333333	0.6166666666666667	52	8	37	23
group_1169	0.742	0.00176	0.672	0.33899999999999997	0.799	0.0391		0.8666666666666667	0.13333333333333333	0.3833333333333333	0.6166666666666667	52	8	37	23
gabR_1	0.733	0.68	0.289	-0.505	0.474	0.0975		0.7166666666666667	0.2833333333333333	0.25	0.75	43	17	45	15
group_1152	0.6579999999999999	0.0832	0.757	-0.17800000000000002	0.575	0.0285		0.7333333333333333	0.26666666666666666	0.41666666666666663	0.5833333333333333	44	16	35	25
group_986	0.583	0.0641	0.992	-0.0008880000000000001	0.0904	0.0009050000000000001		0.6666666666666666	0.3333333333333333	0.5	0.5	40	20	30	30
group_1147	0.5579999999999999	0.358	0.828	-0.0153	0.07	0.0201		0.5166666666666667	0.48333333333333334	0.4	0.6	31	29	36	24
group_1172	0.5579999999999999	0.000478	0.83	-0.0725	0.337	0.0198		0.7166666666666667	0.2833333333333333	0.6	0.4	43	17	24	36
group_1173	0.5579999999999999	0.000478	0.83	-0.0725	0.337	0.0198		0.7166666666666667	0.2833333333333333	0.6	0.4	43	17	24	36
group_422	0.5579999999999999	0.000478	0.83	-0.0725	0.337	0.0198		0.7166666666666667	0.2833333333333333	0.6	0.4	43	17	24	36
group_783	0.5579999999999999	0.000478	0.83	-0.0725	0.337	0.0198		0.7166666666666667	0.2833333333333333	0.6	0.4	43	17	24	36
hin_2	0.542	0.00011899999999999999	0.6829999999999999	0.32	0.782	0.0377		0.7166666666666667	0.2833333333333333	0.6333333333333333	0.3666666666666667	43	17	22	38
group_1161	0.542	0.00011899999999999999	0.6829999999999999	0.32	0.782	0.0377		0.7166666666666667	0.2833333333333333	0.6333333333333333	0.3666666666666667	43	17	22	38
group_1162	0.542	0.00011899999999999999	0.6829999999999999	0.32	0.782	0.0377		0.7166666666666667	0.2833333333333333	0.6333333333333333	0.3666666666666667	43	17	22	38
group_1164	0.542	0.00011899999999999999	0.6829999999999999	0.32	0.782	0.0377		0.7166666666666667	0.2833333333333333	0.6333333333333333	0.3666666666666667	43	17	22	38
group_1166	0.542	0.00011899999999999999	0.6829999999999999	0.32	0.782	0.0377		0.7166666666666667	0.2833333333333333	0.6333333333333333	0.3666666666666667	43	17	22	38
group_1167	0.542	0.00011899999999999999	0.6829999999999999	0.32	0.782	0.0377		0.7166666666666667	0.2833333333333333	0.6333333333333333	0.3666666666666667	43	17	22	38
group_1168	0.542	0.00011899999999999999	0.6829999999999999	0.32	0.782	0.0377		0.7166666666666667	0.2833333333333333	0.6333333333333333	0.3666666666666667	43	17	22	38
group_1174	0.542	0.00011899999999999999	0.6829999999999999	0.32	0.782	0.0377		0.7166666666666667	0.2833333333333333	0.6333333333333333	0.3666666666666667	43	17	22	38
group_1175	0.542	0.00011899999999999999	0.6829999999999999	0.32	0.782	0.0377		0.7166666666666667	0.2833333333333333	0.6333333333333333	0.3666666666666667	43	17	22	38
group_1176	0.542	0.00011899999999999999	0.6829999999999999	0.32	0.782	0.0377		0.7166666666666667	0.2833333333333333	0.6333333333333333	0.3666666666666667	43	17	22	38
group_1177	0.542	0.00011899999999999999	0.6829999999999999	0.32	0.782	0.0377		0.7166666666666667	0.2833333333333333	0.6333333333333333	0.3666666666666667	43	17	22	38
ybiI_1	0.542	0.00011899999999999999	0.6829999999999999	0.32	0.782	0.0377		0.7166666666666667	0.2833333333333333	0.6333333333333333	0.3666666666666667	43	17	22	38
group_1179	0.542	0.00011899999999999999	0.6829999999999999	0.32	0.782	0.0377		0.7166666666666667	0.2833333333333333	0.6333333333333333	0.3666666666666667	43	17	22	38
group_1180	0.542	0.00011899999999999999	0.6829999999999999	0.32	0.782	0.0377		0.7166666666666667	0.2833333333333333	0.6333333333333333	0.3666666666666667	43	17	22	38
group_1181	0.542	0.00011899999999999999	0.6829999999999999	0.32	0.782	0.0377		0.7166666666666667	0.2833333333333333	0.6333333333333333	0.3666666666666667	43	17	22	38
group_1182	0.542	0.00011899999999999999	0.6829999999999999	0.32	0.782	0.0377		0.7166666666666667	0.2833333333333333	0.6333333333333333	0.3666666666666667	43	17	22	38
group_1184	0.542	0.00011899999999999999	0.6829999999999999	0.32	0.782	0.0377		0.7166666666666667	0.2833333333333333	0.6333333333333333	0.3666666666666667	43	17	22	38
xerD_3	0.542	0.00011899999999999999	0.6829999999999999	0.32	0.782	0.0377		0.7166666666666667	0.2833333333333333	0.6333333333333333	0.3666666666666667	43	17	22	38
group_423	0.542	0.00011899999999999999	0.6829999999999999	0.32	0.782	0.0377		0.7166666666666667	0.2833333333333333	0.6333333333333333	0.3666666666666667	43	17	22	38
dam_2	0.542	0.00011899999999999999	0.6829999999999999	0.32	0.782	0.0377		0.7166666666666667	0.2833333333333333	0.6333333333333333	0.3666666666666667	43	17	22	38
group_1165	0.5329999999999999	0.00025299999999999997	0.91	-0.0444	0.392	0.0104		0.7	0.3	0.6333333333333333	0.3666666666666667	42	18	22	38
group_404	0.45799999999999996	0.00011899999999999999	0.6829999999999999	-0.32	0.782	0.0377		0.2833333333333333	0.7166666666666667	0.3666666666666667	0.6333333333333333	17	43	38	22
group_98	0.45799999999999996	0.00011899999999999999	0.6829999999999999	-0.32	0.782	0.0377		0.2833333333333333	0.7166666666666667	0.3666666666666667	0.6333333333333333	17	43	38	22
group_298	0.45	0.00024300000000000002	0.192	0.47100000000000003	0.359	0.12		0.2833333333333333	0.7166666666666667	0.3833333333333333	0.6166666666666667	17	43	37	23
group_883	0.442	0.358	0.828	0.0153	0.07	0.0201		0.48333333333333334	0.5166666666666667	0.6	0.4	29	31	24	36
group_1146	0.38299999999999995	0.26	0.8859999999999999	-0.0129	0.0899	0.0132		0.3333333333333333	0.6666666666666666	0.5666666666666667	0.43333333333333335	20	40	26	34
group_97	0.36700000000000005	0.0582	0.22399999999999998	-0.33	0.27	0.11199999999999999		0.2833333333333333	0.7166666666666667	0.55	0.44999999999999996	17	43	27	33
group_297	0.358	0.0866	0.807	-0.0888	0.363	0.0225		0.2833333333333333	0.7166666666666667	0.5666666666666667	0.43333333333333335	17	43	26	34
group_603	0.358	0.0866	0.807	-0.0888	0.363	0.0225		0.2833333333333333	0.7166666666666667	0.5666666666666667	0.43333333333333335	17	43	26	34
group_604	0.358	0.0866	0.807	-0.0888	0.363	0.0225		0.2833333333333333	0.7166666666666667	0.5666666666666667	0.43333333333333335	17	43	26	34
group_931	0.358	0.0866	0.807	-0.0888	0.363	0.0225		0.2833333333333333	0.7166666666666667	0.5666666666666667	0.43333333333333335	17	43	26	34
group_932	0.358	0.0866	0.807	-0.0888	0.363	0.0225		0.2833333333333333	0.7166666666666667	0.5666666666666667	0.43333333333333335	17	43	26	34
group_933	0.358	0.0866	0.807	-0.0888	0.363	0.0225		0.2833333333333333	0.7166666666666667	0.5666666666666667	0.43333333333333335	17	43	26	34
group_934	0.358	0.0866	0.807	-0.0888	0.363	0.0225		0.2833333333333333	0.7166666666666667	0.5666666666666667	0.43333333333333335	17	43	26	34
group_936	0.358	0.0866	0.807	-0.0888	0.363	0.0225		0.2833333333333333	0.7166666666666667	0.5666666666666667	0.43333333333333335	17	43	26	34
group_937	0.358	0.0866	0.807	-0.0888	0.363	0.0225		0.2833333333333333	0.7166666666666667	0.5666666666666667	0.43333333333333335	17	43	26	34
group_938	0.358	0.0866	0.807	-0.0888	0.363	0.0225		0.2833333333333333	0.7166666666666667	0.5666666666666667	0.43333333333333335	17	43	26	34
group_147	0.35	0.126	0.698	0.11699999999999999	0.301	0.0358		0.2833333333333333	0.7166666666666667	0.5833333333333333	0.41666666666666663	17	43	25	35
group_935	0.35	0.126	0.8809999999999999	-0.0515	0.344	0.0138		0.2833333333333333	0.7166666666666667	0.5833333333333333	0.41666666666666663	17	43	25	35
group_607	0.342	0.0832	0.757	0.17800000000000002	0.575	0.0285		0.26666666666666666	0.7333333333333333	0.5833333333333333	0.41666666666666663	16	44	25	35
group_608	0.342	0.0832	0.757	0.17800000000000002	0.575	0.0285		0.26666666666666666	0.7333333333333333	0.5833333333333333	0.41666666666666663	16	44	25	35
group_610	0.342	0.0832	0.757	0.17800000000000002	0.575	0.0285		0.26666666666666666	0.7333333333333333	0.5833333333333333	0.41666666666666663	16	44	25	35
group_611	0.342	0.0832	0.757	0.17800000000000002	0.575	0.0285		0.26666666666666666	0.7333333333333333	0.5833333333333333	0.41666666666666663	16	44	25	35
group_951	0.342	0.0832	0.757	0.17800000000000002	0.575	0.0285		0.26666666666666666	0.7333333333333333	0.5833333333333333	0.41666666666666663	16	44	25	35
group_956	0.342	0.0832	0.757	0.17800000000000002	0.575	0.0285		0.26666666666666666	0.7333333333333333	0.5833333333333333	0.41666666666666663	16	44	25	35
group_962	0.342	0.0832	0.757	0.17800000000000002	0.575	0.0285		0.26666666666666666	0.7333333333333333	0.5833333333333333	0.41666666666666663	16	44	25	35
group_969	0.342	0.0832	0.757	0.17800000000000002	0.575	0.0285		0.26666666666666666	0.7333333333333333	0.5833333333333333	0.41666666666666663	16	44	25	35
group_970	0.342	0.0832	0.757	0.17800000000000002	0.575	0.0285		0.26666666666666666	0.7333333333333333	0.5833333333333333	0.41666666666666663	16	44	25	35
group_1112	0.33299999999999996	0.245	0.51	-0.0494	0.0747	0.0607		0.38333333333333336	0.6166666666666667	0.7166666666666667	0.2833333333333333	23	37	17	43
group_411	0.33299999999999996	0.121	0.703	0.0389	0.102	0.0352		0.26666666666666666	0.7333333333333333	0.6	0.4	16	44	24	36
group_949	0.33299999999999996	0.121	0.752	0.174	0.5489999999999999	0.0292		0.26666666666666666	0.7333333333333333	0.6	0.4	16	44	24	36
group_1186	0.292	0.00259	0.0339	0.185	0.0863	0.19399999999999998		0.4166666666666667	0.5833333333333334	0.8333333333333334	0.16666666666666663	25	35	10	50
group_430	0.292	0.841	0.746	0.0292	0.09	0.0299		0.3	0.7	0.7166666666666667	0.2833333333333333	18	42	17	43
group_25	0.275	0.152	0.7929999999999999	0.0202	0.0766	0.0243		0.3333333333333333	0.6666666666666666	0.7833333333333333	0.21666666666666667	20	40	13	47
group_39	0.275	0.00216	0.5329999999999999	-0.10300000000000001	0.165	0.0574		0.15	0.85	0.6	0.4	9	51	24	36
group_605	0.275	0.00216	0.484	-0.282	0.401	0.0645		0.15	0.85	0.6	0.4	9	51	24	36
group_939	0.275	0.00216	0.484	-0.282	0.401	0.0645		0.15	0.85	0.6	0.4	9	51	24	36
group_1371	0.267	0.409	0.235	-0.099	0.083	0.109		0.23333333333333334	0.7666666666666667	0.7	0.30000000000000004	14	46	18	42
group_1941	0.267	0.68	0.289	0.505	0.474	0.0975		0.2833333333333333	0.7166666666666667	0.75	0.25	17	43	15	45
group_606	0.267	0.00385	0.9440000000000001	0.0229	0.32299999999999995	0.006529999999999999		0.15	0.85	0.6166666666666667	0.3833333333333333	9	51	23	37
group_609	0.267	0.00385	0.9440000000000001	0.0229	0.32299999999999995	0.006529999999999999		0.15	0.85	0.6166666666666667	0.3833333333333333	9	51	23	37
group_602	0.258	0.00176	0.672	-0.33899999999999997	0.799	0.0391		0.13333333333333333	0.8666666666666667	0.6166666666666667	0.3833333333333333	8	52	23	37
group_929	0.258	0.00176	0.672	-0.33899999999999997	0.799	0.0391		0.13333333333333333	0.8666666666666667	0.6166666666666667	0.3833333333333333	8	52	23	37
group_930	0.258	0.00176	0.672	-0.33899999999999997	0.799	0.0391		0.13333333333333333	0.8666666666666667	0.6166666666666667	0.3833333333333333	8	52	23	37
group_940	0.258	0.00176	0.672	-0.33899999999999997	0.799	0.0391		0.13333333333333333	0.8666666666666667	0.6166666666666667	0.3833333333333333	8	52	23	37
group_941	0.258	0.00176	0.672	-0.33899999999999997	0.799	0.0391		0.13333333333333333	0.8666666666666667	0.6166666666666667	0.3833333333333333	8	52	23	37
group_942	0.258	0.00176	0.672	-0.33899999999999997	0.799	0.0391		0.13333333333333333	0.8666666666666667	0.6166666666666667	0.3833333333333333	8	52	23	37
group_943	0.258	0.00176	0.672	-0.33899999999999997	0.799	0.0391		0.13333333333333333	0.8666666666666667	0.6166666666666667	0.3833333333333333	8	52	23	37
group_944	0.258	0.00176	0.672	-0.33899999999999997	0.799	0.0391		0.13333333333333333	0.8666666666666667	0.6166666666666667	0.3833333333333333	8	52	23	37
group_945	0.258	0.00176	0.672	-0.33899999999999997	0.799	0.0391		0.13333333333333333	0.8666666666666667	0.6166666666666667	0.3833333333333333	8	52	23	37
group_946	0.258	0.00176	0.672	-0.33899999999999997	0.799	0.0391		0.13333333333333333	0.8666666666666667	0.6166666666666667	0.3833333333333333	8	52	23	37
group_947	0.258	0.00176	0.672	-0.33899999999999997	0.799	0.0391		0.13333333333333333	0.8666666666666667	0.6166666666666667	0.3833333333333333	8	52	23	37
group_948	0.258	0.00176	0.672	-0.33899999999999997	0.799	0.0391		0.13333333333333333	0.8666666666666667	0.6166666666666667	0.3833333333333333	8	52	23	37
group_950	0.258	0.00176	0.672	-0.33899999999999997	0.799	0.0391		0.13333333333333333	0.8666666666666667	0.6166666666666667	0.3833333333333333	8	52	23	37
rusA	0.258	0.00176	0.672	-0.33899999999999997	0.799	0.0391		0.13333333333333333	0.8666666666666667	0.6166666666666667	0.3833333333333333	8	52	23	37
group_953	0.258	0.00176	0.672	-0.33899999999999997	0.799	0.0391		0.13333333333333333	0.8666666666666667	0.6166666666666667	0.3833333333333333	8	52	23	37
group_954	0.258	0.00176	0.672	-0.33899999999999997	0.799	0.0391		0.13333333333333333	0.8666666666666667	0.6166666666666667	0.3833333333333333	8	52	23	37
group_955	0.258	0.00176	0.672	-0.33899999999999997	0.799	0.0391		0.13333333333333333	0.8666666666666667	0.6166666666666667	0.3833333333333333	8	52	23	37
group_957	0.258	0.00176	0.672	-0.33899999999999997	0.799	0.0391		0.13333333333333333	0.8666666666666667	0.6166666666666667	0.3833333333333333	8	52	23	37
group_958	0.258	0.00176	0.672	-0.33899999999999997	0.799	0.0391		0.13333333333333333	0.8666666666666667	0.6166666666666667	0.3833333333333333	8	52	23	37
group_959	0.258	0.00176	0.672	-0.33899999999999997	0.799	0.0391		0.13333333333333333	0.8666666666666667	0.6166666666666667	0.3833333333333333	8	52	23	37
group_960	0.258	0.00176	0.672	-0.33899999999999997	0.799	0.0391		0.13333333333333333	0.8666666666666667	0.6166666666666667	0.3833333333333333	8	52	23	37
rdgC_1	0.258	0.00176	0.672	-0.33899999999999997	0.799	0.0391		0.13333333333333333	0.8666666666666667	0.6166666666666667	0.3833333333333333	8	52	23	37
group_963	0.258	0.00176	0.672	-0.33899999999999997	0.799	0.0391		0.13333333333333333	0.8666666666666667	0.6166666666666667	0.3833333333333333	8	52	23	37
group_964	0.258	0.00176	0.672	-0.33899999999999997	0.799	0.0391		0.13333333333333333	0.8666666666666667	0.6166666666666667	0.3833333333333333	8	52	23	37
group_965	0.258	0.00176	0.672	-0.33899999999999997	0.799	0.0391		0.13333333333333333	0.8666666666666667	0.6166666666666667	0.3833333333333333	8	52	23	37
group_967	0.258	0.00176	0.672	-0.33899999999999997	0.799	0.0391		0.13333333333333333	0.8666666666666667	0.6166666666666667	0.3833333333333333	8	52	23	37
group_968	0.258	0.00176	0.672	-0.33899999999999997	0.799	0.0391		0.13333333333333333	0.8666666666666667	0.6166666666666667	0.3833333333333333	8	52	23	37
group_1115	0.25	0.00316	0.743	0.121	0.369	0.0303		0.13333333333333333	0.8666666666666667	0.6333333333333333	0.3666666666666667	8	52	22	38
group_966	0.242	0.0013800000000000002	0.049	-0.655	0.32899999999999996	0.18		0.11666666666666667	0.8833333333333333	0.6333333333333333	0.3666666666666667	7	53	22	38
group_1348	0.217	0.0763	0.6779999999999999	-0.15	0.36	0.0382		0.15	0.85	0.7166666666666667	0.2833333333333333	9	51	17	43
group_1349	0.217	0.0763	0.6779999999999999	-0.15	0.36	0.0382		0.15	0.85	0.7166666666666667	0.2833333333333333	9	51	17	43
group_1350	0.217	0.0763	0.6779999999999999	-0.15	0.36	0.0382		0.15	0.85	0.7166666666666667	0.2833333333333333	9	51	17	43
group_1351	0.217	0.0763	0.6779999999999999	-0.15	0.36	0.0382		0.15	0.85	0.7166666666666667	0.2833333333333333	9	51	17	43
group_1352	0.217	0.0763	0.6779999999999999	-0.15	0.36	0.0382		0.15	0.85	0.7166666666666667	0.2833333333333333	9	51	17	43
group_1353	0.217	0.0763	0.6779999999999999	-0.15	0.36	0.0382		0.15	0.85	0.7166666666666667	0.2833333333333333	9	51	17	43
group_1354	0.217	0.0763	0.6779999999999999	-0.15	0.36	0.0382		0.15	0.85	0.7166666666666667	0.2833333333333333	9	51	17	43
group_1355	0.217	0.0763	0.6779999999999999	-0.15	0.36	0.0382		0.15	0.85	0.7166666666666667	0.2833333333333333	9	51	17	43
group_1356	0.217	0.0763	0.6779999999999999	-0.15	0.36	0.0382		0.15	0.85	0.7166666666666667	0.2833333333333333	9	51	17	43
group_1357	0.217	0.0763	0.6779999999999999	-0.15	0.36	0.0382		0.15	0.85	0.7166666666666667	0.2833333333333333	9	51	17	43
group_1358	0.217	0.0763	0.6779999999999999	-0.15	0.36	0.0382		0.15	0.85	0.7166666666666667	0.2833333333333333	9	51	17	43
group_1366	0.217	0.0763	0.6779999999999999	-0.15	0.36	0.0382		0.15	0.85	0.7166666666666667	0.2833333333333333	9	51	17	43
group_1367	0.217	0.0763	0.6779999999999999	-0.15	0.36	0.0382		0.15	0.85	0.7166666666666667	0.2833333333333333	9	51	17	43
group_796	0.217	0.0763	0.6779999999999999	-0.15	0.36	0.0382		0.15	0.85	0.7166666666666667	0.2833333333333333	9	51	17	43
clpV1_2	0.20800000000000002	0.261	0.794	0.0903	0.345	0.0241		0.16666666666666666	0.8333333333333334	0.75	0.25	10	50	15	45
group_832	0.20800000000000002	0.11599999999999999	0.8690000000000001	-0.062	0.376	0.0152		0.15	0.85	0.7333333333333334	0.2666666666666667	9	51	16	44
group_833	0.20800000000000002	0.11599999999999999	0.8690000000000001	-0.062	0.376	0.0152		0.15	0.85	0.7333333333333334	0.2666666666666667	9	51	16	44
group_834	0.20800000000000002	0.11599999999999999	0.8690000000000001	-0.062	0.376	0.0152		0.15	0.85	0.7333333333333334	0.2666666666666667	9	51	16	44
group_835	0.20800000000000002	0.11599999999999999	0.8690000000000001	-0.062	0.376	0.0152		0.15	0.85	0.7333333333333334	0.2666666666666667	9	51	16	44
group_1292	0.2	0.0679	0.11699999999999999	0.142	0.09	0.14400000000000002		0.26666666666666666	0.7333333333333333	0.8666666666666667	0.1333333333333333	16	44	8	52
group_1870	0.2	0.171	0.9890000000000001	0.0216	1.59	0.00125		0.15	0.85	0.75	0.25	9	51	15	45
group_1871	0.2	0.171	0.9890000000000001	0.0216	1.59	0.00125		0.15	0.85	0.75	0.25	9	51	15	45
group_1872	0.2	0.171	0.9890000000000001	0.0216	1.59	0.00125		0.15	0.85	0.75	0.25	9	51	15	45
group_1873	0.2	0.171	0.9890000000000001	0.0216	1.59	0.00125		0.15	0.85	0.75	0.25	9	51	15	45
group_1874	0.2	0.171	0.9890000000000001	0.0216	1.59	0.00125		0.15	0.85	0.75	0.25	9	51	15	45
group_1875	0.2	0.171	0.9890000000000001	0.0216	1.59	0.00125		0.15	0.85	0.75	0.25	9	51	15	45
group_1876	0.2	0.171	0.9890000000000001	0.0216	1.59	0.00125		0.15	0.85	0.75	0.25	9	51	15	45
group_1877	0.2	0.171	0.9890000000000001	0.0216	1.59	0.00125		0.15	0.85	0.75	0.25	9	51	15	45
group_1878	0.2	0.171	0.9890000000000001	0.0216	1.59	0.00125		0.15	0.85	0.75	0.25	9	51	15	45
group_1879	0.2	0.171	0.9890000000000001	0.0216	1.59	0.00125		0.15	0.85	0.75	0.25	9	51	15	45
group_1880	0.2	0.171	0.9890000000000001	0.0216	1.59	0.00125		0.15	0.85	0.75	0.25	9	51	15	45
group_1881	0.2	0.171	0.9890000000000001	0.0216	1.59	0.00125		0.15	0.85	0.75	0.25	9	51	15	45
group_1882	0.2	0.171	0.9890000000000001	0.0216	1.59	0.00125		0.15	0.85	0.75	0.25	9	51	15	45
group_1883	0.2	0.171	0.9890000000000001	0.0216	1.59	0.00125		0.15	0.85	0.75	0.25	9	51	15	45
group_1884	0.2	0.171	0.9890000000000001	0.0216	1.59	0.00125		0.15	0.85	0.75	0.25	9	51	15	45
group_1885	0.2	0.171	0.9890000000000001	0.0216	1.59	0.00125		0.15	0.85	0.75	0.25	9	51	15	45
group_1886	0.2	0.171	0.9890000000000001	0.0216	1.59	0.00125		0.15	0.85	0.75	0.25	9	51	15	45
group_1887	0.2	0.171	0.9890000000000001	0.0216	1.59	0.00125		0.15	0.85	0.75	0.25	9	51	15	45
group_1888	0.2	0.171	0.9890000000000001	0.0216	1.59	0.00125		0.15	0.85	0.75	0.25	9	51	15	45
group_1889	0.2	0.171	0.9890000000000001	0.0216	1.59	0.00125		0.15	0.85	0.75	0.25	9	51	15	45
group_1890	0.2	0.171	0.9890000000000001	0.0216	1.59	0.00125		0.15	0.85	0.75	0.25	9	51	15	45
pliG	0.2	0.171	0.9890000000000001	0.0216	1.59	0.00125		0.15	0.85	0.75	0.25	9	51	15	45
group_1892	0.2	0.171	0.9890000000000001	0.0216	1.59	0.00125		0.15	0.85	0.75	0.25	9	51	15	45
group_1893	0.2	0.171	0.9890000000000001	0.0216	1.59	0.00125		0.15	0.85	0.75	0.25	9	51	15	45
group_1894	0.2	0.171	0.9890000000000001	0.0216	1.59	0.00125		0.15	0.85	0.75	0.25	9	51	15	45
group_1895	0.2	0.171	0.9890000000000001	0.0216	1.59	0.00125		0.15	0.85	0.75	0.25	9	51	15	45
klcA	0.2	0.171	0.9890000000000001	0.0216	1.59	0.00125		0.15	0.85	0.75	0.25	9	51	15	45
group_1897	0.2	0.171	0.9890000000000001	0.0216	1.59	0.00125		0.15	0.85	0.75	0.25	9	51	15	45
group_1898	0.2	0.171	0.9890000000000001	0.0216	1.59	0.00125		0.15	0.85	0.75	0.25	9	51	15	45
group_1899	0.2	0.171	0.9890000000000001	0.0216	1.59	0.00125		0.15	0.85	0.75	0.25	9	51	15	45
yhdJ_1	0.2	0.171	0.9890000000000001	0.0216	1.59	0.00125		0.15	0.85	0.75	0.25	9	51	15	45
group_1901	0.2	0.171	0.9890000000000001	0.0216	1.59	0.00125		0.15	0.85	0.75	0.25	9	51	15	45
group_1902	0.2	0.171	0.9890000000000001	0.0216	1.59	0.00125		0.15	0.85	0.75	0.25	9	51	15	45
group_1903	0.2	0.171	0.9890000000000001	0.0216	1.59	0.00125		0.15	0.85	0.75	0.25	9	51	15	45
group_1904	0.2	0.171	0.9890000000000001	0.0216	1.59	0.00125		0.15	0.85	0.75	0.25	9	51	15	45
group_1905	0.2	0.171	0.9890000000000001	0.0216	1.59	0.00125		0.15	0.85	0.75	0.25	9	51	15	45
group_1906	0.2	0.171	0.9890000000000001	0.0216	1.59	0.00125		0.15	0.85	0.75	0.25	9	51	15	45
group_1907	0.2	0.171	0.9890000000000001	0.0216	1.59	0.00125		0.15	0.85	0.75	0.25	9	51	15	45
group_1908	0.2	0.171	0.9890000000000001	0.0216	1.59	0.00125		0.15	0.85	0.75	0.25	9	51	15	45
group_1909	0.2	0.171	0.9890000000000001	0.0216	1.59	0.00125		0.15	0.85	0.75	0.25	9	51	15	45
group_1910	0.2	0.171	0.9890000000000001	0.0216	1.59	0.00125		0.15	0.85	0.75	0.25	9	51	15	45
group_1911	0.2	0.171	0.9890000000000001	0.0216	1.59	0.00125		0.15	0.85	0.75	0.25	9	51	15	45
group_1912	0.2	0.171	0.9890000000000001	0.0216	1.59	0.00125		0.15	0.85	0.75	0.25	9	51	15	45
group_1913	0.2	0.171	0.9890000000000001	0.0216	1.59	0.00125		0.15	0.85	0.75	0.25	9	51	15	45
group_1914	0.2	0.171	0.9890000000000001	0.0216	1.59	0.00125		0.15	0.85	0.75	0.25	9	51	15	45
group_1915	0.2	0.171	0.9890000000000001	0.0216	1.59	0.00125		0.15	0.85	0.75	0.25	9	51	15	45
traI	0.2	0.171	0.9890000000000001	0.0216	1.59	0.00125		0.15	0.85	0.75	0.25	9	51	15	45
ylpA	0.2	0.171	0.9890000000000001	0.0216	1.59	0.00125		0.15	0.85	0.75	0.25	9	51	15	45
group_1918	0.2	0.171	0.9890000000000001	0.0216	1.59	0.00125		0.15	0.85	0.75	0.25	9	51	15	45
group_1919	0.2	0.171	0.9890000000000001	0.0216	1.59	0.00125		0.15	0.85	0.75	0.25	9	51	15	45
group_1920	0.2	0.171	0.9890000000000001	0.0216	1.59	0.00125		0.15	0.85	0.75	0.25	9	51	15	45
group_1921	0.2	0.171	0.9890000000000001	0.0216	1.59	0.00125		0.15	0.85	0.75	0.25	9	51	15	45
traQ	0.2	0.171	0.9890000000000001	0.0216	1.59	0.00125		0.15	0.85	0.75	0.25	9	51	15	45
group_1923	0.2	0.171	0.9890000000000001	0.0216	1.59	0.00125		0.15	0.85	0.75	0.25	9	51	15	45
group_1924	0.2	0.171	0.9890000000000001	0.0216	1.59	0.00125		0.15	0.85	0.75	0.25	9	51	15	45
group_1925	0.2	0.171	0.9890000000000001	0.0216	1.59	0.00125		0.15	0.85	0.75	0.25	9	51	15	45
group_1926	0.2	0.171	0.9890000000000001	0.0216	1.59	0.00125		0.15	0.85	0.75	0.25	9	51	15	45
group_1927	0.2	0.171	0.9890000000000001	0.0216	1.59	0.00125		0.15	0.85	0.75	0.25	9	51	15	45
group_1928	0.2	0.171	0.9890000000000001	0.0216	1.59	0.00125		0.15	0.85	0.75	0.25	9	51	15	45
group_1929	0.2	0.171	0.9890000000000001	0.0216	1.59	0.00125		0.15	0.85	0.75	0.25	9	51	15	45
group_1930	0.2	0.171	0.9890000000000001	0.0216	1.59	0.00125		0.15	0.85	0.75	0.25	9	51	15	45
traC	0.2	0.171	0.9890000000000001	0.0216	1.59	0.00125		0.15	0.85	0.75	0.25	9	51	15	45
group_1932	0.2	0.171	0.9890000000000001	0.0216	1.59	0.00125		0.15	0.85	0.75	0.25	9	51	15	45
group_1933	0.2	0.171	0.9890000000000001	0.0216	1.59	0.00125		0.15	0.85	0.75	0.25	9	51	15	45
traR	0.2	0.171	0.9890000000000001	0.0216	1.59	0.00125		0.15	0.85	0.75	0.25	9	51	15	45
traV	0.2	0.171	0.9890000000000001	0.0216	1.59	0.00125		0.15	0.85	0.75	0.25	9	51	15	45
group_1936	0.2	0.171	0.9890000000000001	0.0216	1.59	0.00125		0.15	0.85	0.75	0.25	9	51	15	45
group_1937	0.2	0.171	0.9890000000000001	0.0216	1.59	0.00125		0.15	0.85	0.75	0.25	9	51	15	45
psiB	0.2	0.171	0.9890000000000001	0.0216	1.59	0.00125		0.15	0.85	0.75	0.25	9	51	15	45
group_1939	0.2	0.171	0.9890000000000001	0.0216	1.59	0.00125		0.15	0.85	0.75	0.25	9	51	15	45
ssb_1	0.2	0.171	0.9890000000000001	0.0216	1.59	0.00125		0.15	0.85	0.75	0.25	9	51	15	45
group_1942	0.2	0.171	0.9890000000000001	0.0216	1.59	0.00125		0.15	0.85	0.75	0.25	9	51	15	45
group_1943	0.2	0.171	0.9890000000000001	0.0216	1.59	0.00125		0.15	0.85	0.75	0.25	9	51	15	45
group_1944	0.2	0.171	0.9890000000000001	0.0216	1.59	0.00125		0.15	0.85	0.75	0.25	9	51	15	45
group_1945	0.2	0.171	0.9890000000000001	0.0216	1.59	0.00125		0.15	0.85	0.75	0.25	9	51	15	45
group_1946	0.2	0.171	0.9890000000000001	0.0216	1.59	0.00125		0.15	0.85	0.75	0.25	9	51	15	45
group_1947	0.2	0.171	0.9890000000000001	0.0216	1.59	0.00125		0.15	0.85	0.75	0.25	9	51	15	45
group_1948	0.2	0.171	0.9890000000000001	0.0216	1.59	0.00125		0.15	0.85	0.75	0.25	9	51	15	45
group_1950	0.2	0.171	0.9890000000000001	0.0216	1.59	0.00125		0.15	0.85	0.75	0.25	9	51	15	45
group_1951	0.2	0.171	0.9890000000000001	0.0216	1.59	0.00125		0.15	0.85	0.75	0.25	9	51	15	45
group_1952	0.2	0.171	0.9890000000000001	0.0216	1.59	0.00125		0.15	0.85	0.75	0.25	9	51	15	45
group_1953	0.2	0.171	0.9890000000000001	0.0216	1.59	0.00125		0.15	0.85	0.75	0.25	9	51	15	45
group_1954	0.2	0.171	0.9890000000000001	0.0216	1.59	0.00125		0.15	0.85	0.75	0.25	9	51	15	45
group_1955	0.2	0.171	0.9890000000000001	0.0216	1.59	0.00125		0.15	0.85	0.75	0.25	9	51	15	45
group_1956	0.2	0.171	0.9890000000000001	0.0216	1.59	0.00125		0.15	0.85	0.75	0.25	9	51	15	45
group_1957	0.2	0.171	0.9890000000000001	0.0216	1.59	0.00125		0.15	0.85	0.75	0.25	9	51	15	45
group_1958	0.2	0.171	0.9890000000000001	0.0216	1.59	0.00125		0.15	0.85	0.75	0.25	9	51	15	45
group_1959	0.2	0.171	0.9890000000000001	0.0216	1.59	0.00125		0.15	0.85	0.75	0.25	9	51	15	45
group_1960	0.2	0.171	0.9890000000000001	0.0216	1.59	0.00125		0.15	0.85	0.75	0.25	9	51	15	45
ssb_3	0.2	0.171	0.9890000000000001	0.0216	1.59	0.00125		0.15	0.85	0.75	0.25	9	51	15	45
group_1962	0.2	0.171	0.9890000000000001	0.0216	1.59	0.00125		0.15	0.85	0.75	0.25	9	51	15	45
group_1963	0.2	0.171	0.9890000000000001	0.0216	1.59	0.00125		0.15	0.85	0.75	0.25	9	51	15	45
group_1964	0.2	0.171	0.9890000000000001	0.0216	1.59	0.00125		0.15	0.85	0.75	0.25	9	51	15	45
group_1965	0.2	0.171	0.9890000000000001	0.0216	1.59	0.00125		0.15	0.85	0.75	0.25	9	51	15	45
group_1967	0.2	0.171	0.9890000000000001	0.0216	1.59	0.00125		0.15	0.85	0.75	0.25	9	51	15	45
group_1968	0.2	0.171	0.9890000000000001	0.0216	1.59	0.00125		0.15	0.85	0.75	0.25	9	51	15	45
group_1969	0.2	0.171	0.9890000000000001	0.0216	1.59	0.00125		0.15	0.85	0.75	0.25	9	51	15	45
lexA_2	0.2	0.171	0.9890000000000001	0.0216	1.59	0.00125		0.15	0.85	0.75	0.25	9	51	15	45
group_1971	0.2	0.171	0.9890000000000001	0.0216	1.59	0.00125		0.15	0.85	0.75	0.25	9	51	15	45
group_1972	0.2	0.171	0.9890000000000001	0.0216	1.59	0.00125		0.15	0.85	0.75	0.25	9	51	15	45
group_1973	0.2	0.171	0.9890000000000001	0.0216	1.59	0.00125		0.15	0.85	0.75	0.25	9	51	15	45
group_1974	0.2	0.171	0.9890000000000001	0.0216	1.59	0.00125		0.15	0.85	0.75	0.25	9	51	15	45
group_1975	0.2	0.171	0.9890000000000001	0.0216	1.59	0.00125		0.15	0.85	0.75	0.25	9	51	15	45
group_1976	0.2	0.171	0.9890000000000001	0.0216	1.59	0.00125		0.15	0.85	0.75	0.25	9	51	15	45
group_1977	0.2	0.171	0.9890000000000001	0.0216	1.59	0.00125		0.15	0.85	0.75	0.25	9	51	15	45
group_1978	0.2	0.171	0.9890000000000001	0.0216	1.59	0.00125		0.15	0.85	0.75	0.25	9	51	15	45
group_1979	0.2	0.171	0.9890000000000001	0.0216	1.59	0.00125		0.15	0.85	0.75	0.25	9	51	15	45
group_1980	0.2	0.171	0.9890000000000001	0.0216	1.59	0.00125		0.15	0.85	0.75	0.25	9	51	15	45
group_1981	0.2	0.171	0.9890000000000001	0.0216	1.59	0.00125		0.15	0.85	0.75	0.25	9	51	15	45
group_1982	0.2	0.171	0.9890000000000001	0.0216	1.59	0.00125		0.15	0.85	0.75	0.25	9	51	15	45
group_1983	0.2	0.171	0.9890000000000001	0.0216	1.59	0.00125		0.15	0.85	0.75	0.25	9	51	15	45
group_1984	0.2	0.171	0.9890000000000001	0.0216	1.59	0.00125		0.15	0.85	0.75	0.25	9	51	15	45
group_1985	0.2	0.171	0.9890000000000001	0.0216	1.59	0.00125		0.15	0.85	0.75	0.25	9	51	15	45
group_1986	0.2	0.171	0.9890000000000001	0.0216	1.59	0.00125		0.15	0.85	0.75	0.25	9	51	15	45
group_1988	0.2	0.171	0.9890000000000001	0.0216	1.59	0.00125		0.15	0.85	0.75	0.25	9	51	15	45
group_2008	0.2	0.171	0.9890000000000001	0.0216	1.59	0.00125		0.15	0.85	0.75	0.25	9	51	15	45
group_2025	0.2	0.171	0.9890000000000001	0.0216	1.59	0.00125		0.15	0.85	0.75	0.25	9	51	15	45
group_2026	0.2	0.171	0.9890000000000001	0.0216	1.59	0.00125		0.15	0.85	0.75	0.25	9	51	15	45
ail_3	0.2	0.171	0.9890000000000001	0.0216	1.59	0.00125		0.15	0.85	0.75	0.25	9	51	15	45
group_2028	0.2	0.171	0.9890000000000001	0.0216	1.59	0.00125		0.15	0.85	0.75	0.25	9	51	15	45
group_2029	0.2	0.171	0.9890000000000001	0.0216	1.59	0.00125		0.15	0.85	0.75	0.25	9	51	15	45
group_2030	0.2	0.171	0.9890000000000001	0.0216	1.59	0.00125		0.15	0.85	0.75	0.25	9	51	15	45
group_2031	0.2	0.171	0.9890000000000001	0.0216	1.59	0.00125		0.15	0.85	0.75	0.25	9	51	15	45
group_2032	0.2	0.171	0.9890000000000001	0.0216	1.59	0.00125		0.15	0.85	0.75	0.25	9	51	15	45
group_2033	0.2	0.171	0.9890000000000001	0.0216	1.59	0.00125		0.15	0.85	0.75	0.25	9	51	15	45
group_2034	0.2	0.171	0.9890000000000001	0.0216	1.59	0.00125		0.15	0.85	0.75	0.25	9	51	15	45
group_2035	0.2	0.171	0.9890000000000001	0.0216	1.59	0.00125		0.15	0.85	0.75	0.25	9	51	15	45
group_2036	0.2	0.171	0.9890000000000001	0.0216	1.59	0.00125		0.15	0.85	0.75	0.25	9	51	15	45
clpP_2	0.2	0.171	0.9890000000000001	0.0216	1.59	0.00125		0.15	0.85	0.75	0.25	9	51	15	45
group_2038	0.2	0.171	0.9890000000000001	0.0216	1.59	0.00125		0.15	0.85	0.75	0.25	9	51	15	45
group_2039	0.2	0.171	0.9890000000000001	0.0216	1.59	0.00125		0.15	0.85	0.75	0.25	9	51	15	45
group_2040	0.2	0.171	0.9890000000000001	0.0216	1.59	0.00125		0.15	0.85	0.75	0.25	9	51	15	45
group_2041	0.2	0.171	0.9890000000000001	0.0216	1.59	0.00125		0.15	0.85	0.75	0.25	9	51	15	45
group_2042	0.2	0.171	0.9890000000000001	0.0216	1.59	0.00125		0.15	0.85	0.75	0.25	9	51	15	45
group_2043	0.2	0.171	0.9890000000000001	0.0216	1.59	0.00125		0.15	0.85	0.75	0.25	9	51	15	45
dnaT_2	0.2	0.171	0.9890000000000001	0.0216	1.59	0.00125		0.15	0.85	0.75	0.25	9	51	15	45
group_2045	0.2	0.171	0.9890000000000001	0.0216	1.59	0.00125		0.15	0.85	0.75	0.25	9	51	15	45
group_2046	0.2	0.171	0.9890000000000001	0.0216	1.59	0.00125		0.15	0.85	0.75	0.25	9	51	15	45
group_2047	0.2	0.171	0.9890000000000001	0.0216	1.59	0.00125		0.15	0.85	0.75	0.25	9	51	15	45
group_2048	0.2	0.171	0.9890000000000001	0.0216	1.59	0.00125		0.15	0.85	0.75	0.25	9	51	15	45
group_2049	0.2	0.171	0.9890000000000001	0.0216	1.59	0.00125		0.15	0.85	0.75	0.25	9	51	15	45
group_2050	0.2	0.171	0.9890000000000001	0.0216	1.59	0.00125		0.15	0.85	0.75	0.25	9	51	15	45
group_2051	0.2	0.171	0.9890000000000001	0.0216	1.59	0.00125		0.15	0.85	0.75	0.25	9	51	15	45
group_2052	0.2	0.171	0.9890000000000001	0.0216	1.59	0.00125		0.15	0.85	0.75	0.25	9	51	15	45
group_2053	0.2	0.171	0.9890000000000001	0.0216	1.59	0.00125		0.15	0.85	0.75	0.25	9	51	15	45
recT_1	0.2	0.171	0.9890000000000001	0.0216	1.59	0.00125		0.15	0.85	0.75	0.25	9	51	15	45
recT_2	0.2	0.171	0.9890000000000001	0.0216	1.59	0.00125		0.15	0.85	0.75	0.25	9	51	15	45
rcbA	0.2	0.171	0.9890000000000001	0.0216	1.59	0.00125		0.15	0.85	0.75	0.25	9	51	15	45
group_2057	0.2	0.171	0.9890000000000001	0.0216	1.59	0.00125		0.15	0.85	0.75	0.25	9	51	15	45
group_2058	0.2	0.171	0.9890000000000001	0.0216	1.59	0.00125		0.15	0.85	0.75	0.25	9	51	15	45
vgrG1	0.2	0.171	0.9890000000000001	0.0216	1.59	0.00125		0.15	0.85	0.75	0.25	9	51	15	45
hcpA_1	0.2	0.171	0.9890000000000001	0.0216	1.59	0.00125		0.15	0.85	0.75	0.25	9	51	15	45
group_2061	0.2	0.171	0.9890000000000001	0.0216	1.59	0.00125		0.15	0.85	0.75	0.25	9	51	15	45
group_2062	0.2	0.171	0.9890000000000001	0.0216	1.59	0.00125		0.15	0.85	0.75	0.25	9	51	15	45
group_2063	0.2	0.171	0.9890000000000001	0.0216	1.59	0.00125		0.15	0.85	0.75	0.25	9	51	15	45
group_2064	0.2	0.171	0.9890000000000001	0.0216	1.59	0.00125		0.15	0.85	0.75	0.25	9	51	15	45
group_2065	0.2	0.171	0.9890000000000001	0.0216	1.59	0.00125		0.15	0.85	0.75	0.25	9	51	15	45
group_2066	0.2	0.171	0.9890000000000001	0.0216	1.59	0.00125		0.15	0.85	0.75	0.25	9	51	15	45
group_2067	0.2	0.171	0.9890000000000001	0.0216	1.59	0.00125		0.15	0.85	0.75	0.25	9	51	15	45
group_2068	0.2	0.171	0.9890000000000001	0.0216	1.59	0.00125		0.15	0.85	0.75	0.25	9	51	15	45
group_2069	0.2	0.171	0.9890000000000001	0.0216	1.59	0.00125		0.15	0.85	0.75	0.25	9	51	15	45
group_2070	0.2	0.171	0.9890000000000001	0.0216	1.59	0.00125		0.15	0.85	0.75	0.25	9	51	15	45
group_2071	0.2	0.171	0.9890000000000001	0.0216	1.59	0.00125		0.15	0.85	0.75	0.25	9	51	15	45
group_2072	0.2	0.171	0.9890000000000001	0.0216	1.59	0.00125		0.15	0.85	0.75	0.25	9	51	15	45
group_2073	0.2	0.171	0.9890000000000001	0.0216	1.59	0.00125		0.15	0.85	0.75	0.25	9	51	15	45
group_2074	0.2	0.171	0.9890000000000001	0.0216	1.59	0.00125		0.15	0.85	0.75	0.25	9	51	15	45
group_2075	0.2	0.171	0.9890000000000001	0.0216	1.59	0.00125		0.15	0.85	0.75	0.25	9	51	15	45
group_2102	0.2	0.171	0.9890000000000001	0.0216	1.59	0.00125		0.15	0.85	0.75	0.25	9	51	15	45
group_2103	0.2	0.171	0.9890000000000001	0.0216	1.59	0.00125		0.15	0.85	0.75	0.25	9	51	15	45
group_2104	0.2	0.171	0.9890000000000001	0.0216	1.59	0.00125		0.15	0.85	0.75	0.25	9	51	15	45
group_2105	0.2	0.171	0.9890000000000001	0.0216	1.59	0.00125		0.15	0.85	0.75	0.25	9	51	15	45
group_2106	0.2	0.171	0.9890000000000001	0.0216	1.59	0.00125		0.15	0.85	0.75	0.25	9	51	15	45
group_2107	0.2	0.171	0.9890000000000001	0.0216	1.59	0.00125		0.15	0.85	0.75	0.25	9	51	15	45
group_2108	0.2	0.171	0.9890000000000001	0.0216	1.59	0.00125		0.15	0.85	0.75	0.25	9	51	15	45
hcp1_2	0.2	0.171	0.9890000000000001	0.0216	1.59	0.00125		0.15	0.85	0.75	0.25	9	51	15	45
group_2110	0.2	0.171	0.9890000000000001	0.0216	1.59	0.00125		0.15	0.85	0.75	0.25	9	51	15	45
group_2111	0.2	0.171	0.9890000000000001	0.0216	1.59	0.00125		0.15	0.85	0.75	0.25	9	51	15	45
group_2112	0.2	0.171	0.9890000000000001	0.0216	1.59	0.00125		0.15	0.85	0.75	0.25	9	51	15	45
group_2113	0.2	0.171	0.9890000000000001	0.0216	1.59	0.00125		0.15	0.85	0.75	0.25	9	51	15	45
group_2114	0.2	0.171	0.9890000000000001	0.0216	1.59	0.00125		0.15	0.85	0.75	0.25	9	51	15	45
group_2115	0.2	0.171	0.9890000000000001	0.0216	1.59	0.00125		0.15	0.85	0.75	0.25	9	51	15	45
group_2580	0.2	0.171	0.9890000000000001	0.0216	1.59	0.00125		0.15	0.85	0.75	0.25	9	51	15	45
lysA_1	0.2	0.171	0.9890000000000001	0.0216	1.59	0.00125		0.15	0.85	0.75	0.25	9	51	15	45
intA_3	0.2	0.171	0.9890000000000001	0.0216	1.59	0.00125		0.15	0.85	0.75	0.25	9	51	15	45
rhsD_2	0.2	0.171	0.9890000000000001	0.0216	1.59	0.00125		0.15	0.85	0.75	0.25	9	51	15	45
group_823	0.2	0.171	0.9890000000000001	0.0216	1.59	0.00125		0.15	0.85	0.75	0.25	9	51	15	45
group_824	0.2	0.171	0.9890000000000001	0.0216	1.59	0.00125		0.15	0.85	0.75	0.25	9	51	15	45
traD	0.2	0.171	0.9890000000000001	0.0216	1.59	0.00125		0.15	0.85	0.75	0.25	9	51	15	45
group_826	0.2	0.171	0.9890000000000001	0.0216	1.59	0.00125		0.15	0.85	0.75	0.25	9	51	15	45
group_828	0.2	0.171	0.9890000000000001	0.0216	1.59	0.00125		0.15	0.85	0.75	0.25	9	51	15	45
group_829	0.2	0.171	0.9890000000000001	0.0216	1.59	0.00125		0.15	0.85	0.75	0.25	9	51	15	45
group_830	0.2	0.171	0.9890000000000001	0.0216	1.59	0.00125		0.15	0.85	0.75	0.25	9	51	15	45
group_1966	0.192	0.24600000000000002	0.836	0.075	0.36200000000000004	0.0191		0.15	0.85	0.7666666666666666	0.23333333333333328	9	51	14	46
group_2143	0.192	0.24600000000000002	0.10099999999999999	0.647	0.391	0.15		0.15	0.85	0.7666666666666666	0.23333333333333328	9	51	14	46
group_1155	0.175	0.81	0.754	-0.0322	0.10300000000000001	0.0289		0.18333333333333332	0.8166666666666667	0.8333333333333334	0.16666666666666663	11	49	10	50
group_22	0.175	0.0926	0.61	0.124	0.243	0.0471		0.11666666666666667	0.8833333333333333	0.7666666666666666	0.23333333333333328	7	53	14	46
rop	0.16699999999999998	0.05	0.435	-0.11699999999999999	0.149	0.0719		0.1	0.9	0.7666666666666666	0.23333333333333328	6	54	14	46
mbeC	0.15	0.0408	0.209	-0.214	0.16899999999999998	0.11599999999999999		0.08333333333333333	0.9166666666666666	0.7833333333333333	0.21666666666666667	5	55	13	47
group_1218	0.15	0.0408	0.209	-0.214	0.16899999999999998	0.11599999999999999		0.08333333333333333	0.9166666666666666	0.7833333333333333	0.21666666666666667	5	55	13	47
group_1219	0.15	0.0408	0.209	-0.214	0.16899999999999998	0.11599999999999999		0.08333333333333333	0.9166666666666666	0.7833333333333333	0.21666666666666667	5	55	13	47
group_1220	0.15	0.0408	0.209	-0.214	0.16899999999999998	0.11599999999999999		0.08333333333333333	0.9166666666666666	0.7833333333333333	0.21666666666666667	5	55	13	47
group_187	0.15	0.0408	0.209	-0.214	0.16899999999999998	0.11599999999999999		0.08333333333333333	0.9166666666666666	0.7833333333333333	0.21666666666666667	5	55	13	47
aplIM	0.15	0.0408	0.209	-0.214	0.16899999999999998	0.11599999999999999		0.08333333333333333	0.9166666666666666	0.7833333333333333	0.21666666666666667	5	55	13	47
group_116	0.142	0.7929999999999999	0.5720000000000001	-0.0533	0.0941	0.0521		0.13333333333333333	0.8666666666666667	0.85	0.15000000000000002	8	52	9	51
group_190	0.142	0.7929999999999999	0.648	0.0516	0.113	0.0421		0.15	0.85	0.8666666666666667	0.1333333333333333	9	51	8	52
group_1414	0.133	0.007240000000000001	0.11699999999999999	-0.324	0.205	0.14400000000000002		0.05	0.95	0.7833333333333333	0.21666666666666667	3	57	13	47
group_1468	0.10800000000000001	0.000134	0.043	0.385	0.188	0.185	bad-chisq	0.21666666666666667	0.7833333333333333	1.0	0.0	13	47	0	60
group_1826	0.1	0.0679	0.956	-0.0214	0.386	0.0051		0.15	0.85	0.95	0.050000000000000044	9	51	3	57
group_1827	0.1	0.0679	0.956	-0.0214	0.386	0.0051		0.15	0.85	0.95	0.050000000000000044	9	51	3	57
ydfK	0.1	0.0679	0.956	-0.0214	0.386	0.0051		0.15	0.85	0.95	0.050000000000000044	9	51	3	57
group_1829	0.1	0.0679	0.956	-0.0214	0.386	0.0051		0.15	0.85	0.95	0.050000000000000044	9	51	3	57
group_1846	0.1	0.0679	0.956	-0.0214	0.386	0.0051		0.15	0.85	0.95	0.050000000000000044	9	51	3	57
group_2080	0.0917	0.114	0.83	0.0748	0.34700000000000003	0.0199		0.13333333333333333	0.8666666666666667	0.95	0.050000000000000044	8	52	3	57
group_810	0.0917	0.752	0.298	-0.122	0.11699999999999999	0.0957		0.1	0.9	0.9166666666666666	0.08333333333333337	6	54	5	55
group_119	0.0833	0.509	0.899	0.0195	0.153	0.0117		0.06666666666666667	0.9333333333333333	0.9	0.09999999999999998	4	56	6	54
group_1278	0.0833	0.509	0.618	0.0814	0.163	0.046		0.06666666666666667	0.9333333333333333	0.9	0.09999999999999998	4	56	6	54
group_188	0.0833	0.00823	0.15	0.171	0.11800000000000001	0.132	bad-chisq	0.15	0.85	0.9833333333333333	0.01666666666666672	9	51	1	59
group_1949	0.0833	0.0475	0.40299999999999997	0.655	0.78	0.0771		0.13333333333333333	0.8666666666666667	0.9666666666666667	0.033333333333333326	8	52	2	58
group_1989	0.0833	0.0475	0.40299999999999997	0.655	0.78	0.0771		0.13333333333333333	0.8666666666666667	0.9666666666666667	0.033333333333333326	8	52	2	58
group_1990	0.0833	0.0475	0.40299999999999997	0.655	0.78	0.0771		0.13333333333333333	0.8666666666666667	0.9666666666666667	0.033333333333333326	8	52	2	58
group_1991	0.0833	0.0475	0.40299999999999997	0.655	0.78	0.0771		0.13333333333333333	0.8666666666666667	0.9666666666666667	0.033333333333333326	8	52	2	58
group_1992	0.0833	0.0475	0.40299999999999997	0.655	0.78	0.0771		0.13333333333333333	0.8666666666666667	0.9666666666666667	0.033333333333333326	8	52	2	58
group_1993	0.0833	0.0475	0.40299999999999997	0.655	0.78	0.0771		0.13333333333333333	0.8666666666666667	0.9666666666666667	0.033333333333333326	8	52	2	58
group_1994	0.0833	0.0475	0.40299999999999997	0.655	0.78	0.0771		0.13333333333333333	0.8666666666666667	0.9666666666666667	0.033333333333333326	8	52	2	58
group_1995	0.0833	0.0475	0.40299999999999997	0.655	0.78	0.0771		0.13333333333333333	0.8666666666666667	0.9666666666666667	0.033333333333333326	8	52	2	58
group_1996	0.0833	0.0475	0.40299999999999997	0.655	0.78	0.0771		0.13333333333333333	0.8666666666666667	0.9666666666666667	0.033333333333333326	8	52	2	58
group_1997	0.0833	0.0475	0.40299999999999997	0.655	0.78	0.0771		0.13333333333333333	0.8666666666666667	0.9666666666666667	0.033333333333333326	8	52	2	58
group_1998	0.0833	0.0475	0.40299999999999997	0.655	0.78	0.0771		0.13333333333333333	0.8666666666666667	0.9666666666666667	0.033333333333333326	8	52	2	58
group_1999	0.0833	0.0475	0.40299999999999997	0.655	0.78	0.0771		0.13333333333333333	0.8666666666666667	0.9666666666666667	0.033333333333333326	8	52	2	58
group_2000	0.0833	0.0475	0.40299999999999997	0.655	0.78	0.0771		0.13333333333333333	0.8666666666666667	0.9666666666666667	0.033333333333333326	8	52	2	58
group_2001	0.0833	0.0475	0.40299999999999997	0.655	0.78	0.0771		0.13333333333333333	0.8666666666666667	0.9666666666666667	0.033333333333333326	8	52	2	58
group_2002	0.0833	0.0475	0.40299999999999997	0.655	0.78	0.0771		0.13333333333333333	0.8666666666666667	0.9666666666666667	0.033333333333333326	8	52	2	58
group_2003	0.0833	0.0475	0.40299999999999997	0.655	0.78	0.0771		0.13333333333333333	0.8666666666666667	0.9666666666666667	0.033333333333333326	8	52	2	58
group_2004	0.0833	0.0475	0.40299999999999997	0.655	0.78	0.0771		0.13333333333333333	0.8666666666666667	0.9666666666666667	0.033333333333333326	8	52	2	58
group_2005	0.0833	0.0475	0.40299999999999997	0.655	0.78	0.0771		0.13333333333333333	0.8666666666666667	0.9666666666666667	0.033333333333333326	8	52	2	58
group_2006	0.0833	0.0475	0.40299999999999997	0.655	0.78	0.0771		0.13333333333333333	0.8666666666666667	0.9666666666666667	0.033333333333333326	8	52	2	58
group_2007	0.0833	0.0475	0.40299999999999997	0.655	0.78	0.0771		0.13333333333333333	0.8666666666666667	0.9666666666666667	0.033333333333333326	8	52	2	58
group_2010	0.0833	0.0475	0.40299999999999997	0.655	0.78	0.0771		0.13333333333333333	0.8666666666666667	0.9666666666666667	0.033333333333333326	8	52	2	58
group_2012	0.0833	0.0475	0.40299999999999997	0.655	0.78	0.0771		0.13333333333333333	0.8666666666666667	0.9666666666666667	0.033333333333333326	8	52	2	58
group_2013	0.0833	0.0475	0.40299999999999997	0.655	0.78	0.0771		0.13333333333333333	0.8666666666666667	0.9666666666666667	0.033333333333333326	8	52	2	58
group_2014	0.0833	0.0475	0.40299999999999997	0.655	0.78	0.0771		0.13333333333333333	0.8666666666666667	0.9666666666666667	0.033333333333333326	8	52	2	58
group_2015	0.0833	0.0475	0.40299999999999997	0.655	0.78	0.0771		0.13333333333333333	0.8666666666666667	0.9666666666666667	0.033333333333333326	8	52	2	58
group_2016	0.0833	0.0475	0.40299999999999997	0.655	0.78	0.0771		0.13333333333333333	0.8666666666666667	0.9666666666666667	0.033333333333333326	8	52	2	58
clpP_3	0.0833	0.0475	0.40299999999999997	0.655	0.78	0.0771		0.13333333333333333	0.8666666666666667	0.9666666666666667	0.033333333333333326	8	52	2	58
group_2018	0.0833	0.0475	0.40299999999999997	0.655	0.78	0.0771		0.13333333333333333	0.8666666666666667	0.9666666666666667	0.033333333333333326	8	52	2	58
group_2019	0.0833	0.0475	0.40299999999999997	0.655	0.78	0.0771		0.13333333333333333	0.8666666666666667	0.9666666666666667	0.033333333333333326	8	52	2	58
group_2020	0.0833	0.0475	0.40299999999999997	0.655	0.78	0.0771		0.13333333333333333	0.8666666666666667	0.9666666666666667	0.033333333333333326	8	52	2	58
group_2021	0.0833	0.0475	0.40299999999999997	0.655	0.78	0.0771		0.13333333333333333	0.8666666666666667	0.9666666666666667	0.033333333333333326	8	52	2	58
group_2022	0.0833	0.0475	0.40299999999999997	0.655	0.78	0.0771		0.13333333333333333	0.8666666666666667	0.9666666666666667	0.033333333333333326	8	52	2	58
group_2023	0.0833	0.0475	0.40299999999999997	0.655	0.78	0.0771		0.13333333333333333	0.8666666666666667	0.9666666666666667	0.033333333333333326	8	52	2	58
group_2024	0.0833	0.0475	0.40299999999999997	0.655	0.78	0.0771		0.13333333333333333	0.8666666666666667	0.9666666666666667	0.033333333333333326	8	52	2	58
group_2077	0.0833	0.0475	0.40299999999999997	0.655	0.78	0.0771		0.13333333333333333	0.8666666666666667	0.9666666666666667	0.033333333333333326	8	52	2	58
group_2078	0.0833	0.0475	0.40299999999999997	0.655	0.78	0.0771		0.13333333333333333	0.8666666666666667	0.9666666666666667	0.033333333333333326	8	52	2	58
group_2079	0.0833	0.0475	0.40299999999999997	0.655	0.78	0.0771		0.13333333333333333	0.8666666666666667	0.9666666666666667	0.033333333333333326	8	52	2	58
group_2081	0.0833	0.0475	0.40299999999999997	0.655	0.78	0.0771		0.13333333333333333	0.8666666666666667	0.9666666666666667	0.033333333333333326	8	52	2	58
group_2082	0.0833	0.0475	0.40299999999999997	0.655	0.78	0.0771		0.13333333333333333	0.8666666666666667	0.9666666666666667	0.033333333333333326	8	52	2	58
dinI_1	0.0833	0.0475	0.40299999999999997	0.655	0.78	0.0771		0.13333333333333333	0.8666666666666667	0.9666666666666667	0.033333333333333326	8	52	2	58
group_2084	0.0833	0.0475	0.40299999999999997	0.655	0.78	0.0771		0.13333333333333333	0.8666666666666667	0.9666666666666667	0.033333333333333326	8	52	2	58
group_2085	0.0833	0.0475	0.40299999999999997	0.655	0.78	0.0771		0.13333333333333333	0.8666666666666667	0.9666666666666667	0.033333333333333326	8	52	2	58
group_2086	0.0833	0.0475	0.40299999999999997	0.655	0.78	0.0771		0.13333333333333333	0.8666666666666667	0.9666666666666667	0.033333333333333326	8	52	2	58
group_2087	0.0833	0.0475	0.40299999999999997	0.655	0.78	0.0771		0.13333333333333333	0.8666666666666667	0.9666666666666667	0.033333333333333326	8	52	2	58
group_2088	0.0833	0.0475	0.40299999999999997	0.655	0.78	0.0771		0.13333333333333333	0.8666666666666667	0.9666666666666667	0.033333333333333326	8	52	2	58
dnaC_1	0.0833	0.0475	0.40299999999999997	0.655	0.78	0.0771		0.13333333333333333	0.8666666666666667	0.9666666666666667	0.033333333333333326	8	52	2	58
group_2090	0.0833	0.0475	0.40299999999999997	0.655	0.78	0.0771		0.13333333333333333	0.8666666666666667	0.9666666666666667	0.033333333333333326	8	52	2	58
group_2091	0.0833	0.0475	0.40299999999999997	0.655	0.78	0.0771		0.13333333333333333	0.8666666666666667	0.9666666666666667	0.033333333333333326	8	52	2	58
group_2092	0.0833	0.0475	0.40299999999999997	0.655	0.78	0.0771		0.13333333333333333	0.8666666666666667	0.9666666666666667	0.033333333333333326	8	52	2	58
group_2093	0.0833	0.0475	0.40299999999999997	0.655	0.78	0.0771		0.13333333333333333	0.8666666666666667	0.9666666666666667	0.033333333333333326	8	52	2	58
group_2094	0.0833	0.0475	0.40299999999999997	0.655	0.78	0.0771		0.13333333333333333	0.8666666666666667	0.9666666666666667	0.033333333333333326	8	52	2	58
group_2095	0.0833	0.0475	0.40299999999999997	0.655	0.78	0.0771		0.13333333333333333	0.8666666666666667	0.9666666666666667	0.033333333333333326	8	52	2	58
group_2096	0.0833	0.0475	0.40299999999999997	0.655	0.78	0.0771		0.13333333333333333	0.8666666666666667	0.9666666666666667	0.033333333333333326	8	52	2	58
group_2097	0.0833	0.0475	0.40299999999999997	0.655	0.78	0.0771		0.13333333333333333	0.8666666666666667	0.9666666666666667	0.033333333333333326	8	52	2	58
group_2098	0.0833	0.0475	0.40299999999999997	0.655	0.78	0.0771		0.13333333333333333	0.8666666666666667	0.9666666666666667	0.033333333333333326	8	52	2	58
group_2099	0.0833	0.0475	0.40299999999999997	0.655	0.78	0.0771		0.13333333333333333	0.8666666666666667	0.9666666666666667	0.033333333333333326	8	52	2	58
group_2100	0.0833	0.0475	0.40299999999999997	0.655	0.78	0.0771		0.13333333333333333	0.8666666666666667	0.9666666666666667	0.033333333333333326	8	52	2	58
group_2101	0.0833	0.0475	0.40299999999999997	0.655	0.78	0.0771		0.13333333333333333	0.8666666666666667	0.9666666666666667	0.033333333333333326	8	52	2	58
group_2116	0.0833	0.0475	0.40299999999999997	0.655	0.78	0.0771		0.13333333333333333	0.8666666666666667	0.9666666666666667	0.033333333333333326	8	52	2	58
group_2117	0.0833	0.0475	0.40299999999999997	0.655	0.78	0.0771		0.13333333333333333	0.8666666666666667	0.9666666666666667	0.033333333333333326	8	52	2	58
group_2118	0.0833	0.0475	0.40299999999999997	0.655	0.78	0.0771		0.13333333333333333	0.8666666666666667	0.9666666666666667	0.033333333333333326	8	52	2	58
group_2119	0.0833	0.0475	0.40299999999999997	0.655	0.78	0.0771		0.13333333333333333	0.8666666666666667	0.9666666666666667	0.033333333333333326	8	52	2	58
group_2120	0.0833	0.0475	0.40299999999999997	0.655	0.78	0.0771		0.13333333333333333	0.8666666666666667	0.9666666666666667	0.033333333333333326	8	52	2	58
group_2121	0.0833	0.0475	0.40299999999999997	0.655	0.78	0.0771		0.13333333333333333	0.8666666666666667	0.9666666666666667	0.033333333333333326	8	52	2	58
group_2122	0.0833	0.0475	0.40299999999999997	0.655	0.78	0.0771		0.13333333333333333	0.8666666666666667	0.9666666666666667	0.033333333333333326	8	52	2	58
group_2123	0.0833	0.0475	0.40299999999999997	0.655	0.78	0.0771		0.13333333333333333	0.8666666666666667	0.9666666666666667	0.033333333333333326	8	52	2	58
group_2124	0.0833	0.0475	0.40299999999999997	0.655	0.78	0.0771		0.13333333333333333	0.8666666666666667	0.9666666666666667	0.033333333333333326	8	52	2	58
group_2125	0.0833	0.0475	0.40299999999999997	0.655	0.78	0.0771		0.13333333333333333	0.8666666666666667	0.9666666666666667	0.033333333333333326	8	52	2	58
group_2126	0.0833	0.0475	0.40299999999999997	0.655	0.78	0.0771		0.13333333333333333	0.8666666666666667	0.9666666666666667	0.033333333333333326	8	52	2	58
group_2127	0.0833	0.0475	0.40299999999999997	0.655	0.78	0.0771		0.13333333333333333	0.8666666666666667	0.9666666666666667	0.033333333333333326	8	52	2	58
group_2128	0.0833	0.0475	0.40299999999999997	0.655	0.78	0.0771		0.13333333333333333	0.8666666666666667	0.9666666666666667	0.033333333333333326	8	52	2	58
group_2129	0.0833	0.0475	0.40299999999999997	0.655	0.78	0.0771		0.13333333333333333	0.8666666666666667	0.9666666666666667	0.033333333333333326	8	52	2	58
group_2130	0.0833	0.0475	0.40299999999999997	0.655	0.78	0.0771		0.13333333333333333	0.8666666666666667	0.9666666666666667	0.033333333333333326	8	52	2	58
group_2131	0.0833	0.0475	0.40299999999999997	0.655	0.78	0.0771		0.13333333333333333	0.8666666666666667	0.9666666666666667	0.033333333333333326	8	52	2	58
group_2132	0.0833	0.0475	0.40299999999999997	0.655	0.78	0.0771		0.13333333333333333	0.8666666666666667	0.9666666666666667	0.033333333333333326	8	52	2	58
group_2133	0.0833	0.0475	0.40299999999999997	0.655	0.78	0.0771		0.13333333333333333	0.8666666666666667	0.9666666666666667	0.033333333333333326	8	52	2	58
group_2134	0.0833	0.0475	0.40299999999999997	0.655	0.78	0.0771		0.13333333333333333	0.8666666666666667	0.9666666666666667	0.033333333333333326	8	52	2	58
group_2135	0.0833	0.0475	0.40299999999999997	0.655	0.78	0.0771		0.13333333333333333	0.8666666666666667	0.9666666666666667	0.033333333333333326	8	52	2	58
group_2136	0.0833	0.0475	0.40299999999999997	0.655	0.78	0.0771		0.13333333333333333	0.8666666666666667	0.9666666666666667	0.033333333333333326	8	52	2	58
group_2137	0.0833	0.0475	0.40299999999999997	0.655	0.78	0.0771		0.13333333333333333	0.8666666666666667	0.9666666666666667	0.033333333333333326	8	52	2	58
group_2138	0.0833	0.0475	0.40299999999999997	0.655	0.78	0.0771		0.13333333333333333	0.8666666666666667	0.9666666666666667	0.033333333333333326	8	52	2	58
group_2139	0.0833	0.0475	0.40299999999999997	0.655	0.78	0.0771		0.13333333333333333	0.8666666666666667	0.9666666666666667	0.033333333333333326	8	52	2	58
rpsT	0.0833	0.509	0.883	-0.0219	0.149	0.0135		0.1	0.9	0.9333333333333333	0.06666666666666665	6	54	4	56
group_831	0.0833	0.0475	0.40299999999999997	0.655	0.78	0.0771		0.13333333333333333	0.8666666666666667	0.9666666666666667	0.033333333333333326	8	52	2	58
group_1291	0.075	0.0018100000000000002	0.188	-0.27	0.204	0.121	bad-chisq	0.0	1.0	0.85	0.15000000000000002	0	60	9	51
group_2011	0.075	0.0153	0.0535	0.7090000000000001	0.364	0.177	bad-chisq	0.13333333333333333	0.8666666666666667	0.9833333333333333	0.01666666666666672	8	52	1	59
group_425	0.075	0.298	0.815	-0.0402	0.172	0.0215		0.05	0.95	0.9	0.09999999999999998	3	57	6	54
group_1448	0.0667	0.14300000000000002	0.547	-0.0996	0.165	0.0556		0.03333333333333333	0.9666666666666667	0.9	0.09999999999999998	2	58	6	54
group_1370	0.0583	0.243	0.446	-0.10300000000000001	0.135	0.0702	bad-chisq	0.03333333333333333	0.9666666666666667	0.9166666666666666	0.08333333333333337	2	58	5	55
group_189	0.0583	0.243	0.9420000000000001	0.0122	0.168	0.00671	bad-chisq	0.08333333333333333	0.9166666666666666	0.9666666666666667	0.033333333333333326	5	55	2	58
group_795	0.0583	0.243	0.679	-0.083	0.2	0.0381	bad-chisq	0.03333333333333333	0.9666666666666667	0.9166666666666666	0.08333333333333337	2	58	5	55
group_1347	0.05	0.0939	0.13	-0.28600000000000003	0.188	0.139	bad-chisq	0.016666666666666666	0.9833333333333333	0.9166666666666666	0.08333333333333337	1	59	5	55
group_117	0.0417	0.171	0.41100000000000003	-0.132	0.16	0.0757	bad-chisq	0.016666666666666666	0.9833333333333333	0.9333333333333333	0.06666666666666665	1	59	4	56
group_118	0.0417	0.0224	0.138	0.374	0.251	0.136	bad-chisq	0.08333333333333333	0.9166666666666666	1.0	0.0	5	55	0	60
group_1413	0.0417	0.171	0.622	0.0839	0.17	0.0455	bad-chisq	0.06666666666666667	0.9333333333333333	0.9833333333333333	0.01666666666666672	4	56	1	59
group_1150	0.0333	0.309	0.142	-0.27399999999999997	0.185	0.135	bad-chisq	0.016666666666666666	0.9833333333333333	0.95	0.050000000000000044	1	59	3	57
virB4	0.0333	0.309	0.67	0.113	0.265	0.0393	bad-chisq	0.016666666666666666	0.9833333333333333	0.95	0.050000000000000044	1	59	3	57
group_1375	0.0333	0.309	0.67	0.113	0.265	0.0393	bad-chisq	0.016666666666666666	0.9833333333333333	0.95	0.050000000000000044	1	59	3	57
group_1376	0.0333	0.309	0.67	0.113	0.265	0.0393	bad-chisq	0.016666666666666666	0.9833333333333333	0.95	0.050000000000000044	1	59	3	57
group_1377	0.0333	0.309	0.67	0.113	0.265	0.0393	bad-chisq	0.016666666666666666	0.9833333333333333	0.95	0.050000000000000044	1	59	3	57
ptlE	0.0333	0.309	0.67	0.113	0.265	0.0393	bad-chisq	0.016666666666666666	0.9833333333333333	0.95	0.050000000000000044	1	59	3	57
group_1379	0.0333	0.309	0.67	0.113	0.265	0.0393	bad-chisq	0.016666666666666666	0.9833333333333333	0.95	0.050000000000000044	1	59	3	57
group_1401	0.0333	0.309	0.67	0.113	0.265	0.0393	bad-chisq	0.016666666666666666	0.9833333333333333	0.95	0.050000000000000044	1	59	3	57
relE_2	0.0333	0.309	0.67	0.113	0.265	0.0393	bad-chisq	0.016666666666666666	0.9833333333333333	0.95	0.050000000000000044	1	59	3	57
group_1407	0.0333	0.309	0.67	0.113	0.265	0.0393	bad-chisq	0.016666666666666666	0.9833333333333333	0.95	0.050000000000000044	1	59	3	57
group_1409	0.0333	0.309	0.67	0.113	0.265	0.0393	bad-chisq	0.016666666666666666	0.9833333333333333	0.95	0.050000000000000044	1	59	3	57
group_1410	0.0333	0.309	0.67	0.113	0.265	0.0393	bad-chisq	0.016666666666666666	0.9833333333333333	0.95	0.050000000000000044	1	59	3	57
group_1411	0.0333	0.309	0.67	0.113	0.265	0.0393	bad-chisq	0.016666666666666666	0.9833333333333333	0.95	0.050000000000000044	1	59	3	57
rfaH_2	0.0333	0.309	0.67	0.113	0.265	0.0393	bad-chisq	0.016666666666666666	0.9833333333333333	0.95	0.050000000000000044	1	59	3	57
group_2147	0.0333	0.0419	0.302	-0.28	0.271	0.0949	bad-chisq	0.0	1.0	0.9333333333333333	0.06666666666666665	0	60	4	56
group_426	0.0333	0.309	0.67	0.113	0.265	0.0393	bad-chisq	0.016666666666666666	0.9833333333333333	0.95	0.050000000000000044	1	59	3	57
group_427	0.0333	0.309	0.67	0.113	0.265	0.0393	bad-chisq	0.016666666666666666	0.9833333333333333	0.95	0.050000000000000044	1	59	3	57
group_429	0.0333	0.309	0.67	0.113	0.265	0.0393	bad-chisq	0.016666666666666666	0.9833333333333333	0.95	0.050000000000000044	1	59	3	57
tetA_3	0.0333	0.309	0.794	0.0654	0.25	0.0241	bad-chisq	0.016666666666666666	0.9833333333333333	0.95	0.050000000000000044	1	59	3	57
virB9	0.0333	0.309	0.67	0.113	0.265	0.0393	bad-chisq	0.016666666666666666	0.9833333333333333	0.95	0.050000000000000044	1	59	3	57
group_799	0.0333	0.309	0.67	0.113	0.265	0.0393	bad-chisq	0.016666666666666666	0.9833333333333333	0.95	0.050000000000000044	1	59	3	57
group_800	0.0333	0.309	0.67	0.113	0.265	0.0393	bad-chisq	0.016666666666666666	0.9833333333333333	0.95	0.050000000000000044	1	59	3	57
topB_2	0.0333	0.309	0.67	0.113	0.265	0.0393	bad-chisq	0.016666666666666666	0.9833333333333333	0.95	0.050000000000000044	1	59	3	57
stpA_2	0.0333	0.309	0.67	0.113	0.265	0.0393	bad-chisq	0.016666666666666666	0.9833333333333333	0.95	0.050000000000000044	1	59	3	57
bin3	0.0333	0.309	0.67	0.113	0.265	0.0393	bad-chisq	0.016666666666666666	0.9833333333333333	0.95	0.050000000000000044	1	59	3	57
group_805	0.0333	0.309	0.67	0.113	0.265	0.0393	bad-chisq	0.016666666666666666	0.9833333333333333	0.95	0.050000000000000044	1	59	3	57
group_815	0.0333	0.309	0.851	-0.0414	0.21899999999999997	0.0174	bad-chisq	0.05	0.95	0.9833333333333333	0.01666666666666672	3	57	1	59
group_1390	0.025	0.5589999999999999	0.501	0.198	0.294	0.0621	bad-chisq	0.016666666666666666	0.9833333333333333	0.9666666666666667	0.033333333333333326	1	59	2	58
group_1391	0.025	0.5589999999999999	0.501	0.198	0.294	0.0621	bad-chisq	0.016666666666666666	0.9833333333333333	0.9666666666666667	0.033333333333333326	1	59	2	58
bla	0.025	0.5589999999999999	0.501	0.198	0.294	0.0621	bad-chisq	0.016666666666666666	0.9833333333333333	0.9666666666666667	0.033333333333333326	1	59	2	58
tnpR	0.025	0.5589999999999999	0.501	0.198	0.294	0.0621	bad-chisq	0.016666666666666666	0.9833333333333333	0.9666666666666667	0.033333333333333326	1	59	2	58
group_1441	0.025	0.0794	0.00164	0.835	0.259	0.284	bad-chisq	0.05	0.95	1.0	0.0	3	57	0	60
group_1443	0.025	0.0794	0.00164	0.835	0.259	0.284	bad-chisq	0.05	0.95	1.0	0.0	3	57	0	60
group_1444	0.025	0.0794	0.00164	0.835	0.259	0.284	bad-chisq	0.05	0.95	1.0	0.0	3	57	0	60
group_1445	0.025	0.0794	0.00164	0.835	0.259	0.284	bad-chisq	0.05	0.95	1.0	0.0	3	57	0	60
group_1446	0.025	0.0794	0.00164	0.835	0.259	0.284	bad-chisq	0.05	0.95	1.0	0.0	3	57	0	60
group_1531	0.025	0.0794	0.285	0.307	0.28600000000000003	0.0983	bad-chisq	0.05	0.95	1.0	0.0	3	57	0	60
group_191	0.025	0.5589999999999999	0.9940000000000001	-0.00232	0.29	0.000734	bad-chisq	0.016666666666666666	0.9833333333333333	0.9666666666666667	0.033333333333333326	1	59	2	58
group_2289	0.025	0.0794	0.36	0.25	0.271	0.0844	bad-chisq	0.05	0.95	1.0	0.0	3	57	0	60
esiB_3	0.025	0.5589999999999999	0.545	0.156	0.257	0.0558	bad-chisq	0.016666666666666666	0.9833333333333333	0.9666666666666667	0.033333333333333326	1	59	2	58
group_2635	0.025	0.0794	0.698	-0.107	0.276	0.0358	bad-chisq	0.0	1.0	0.95	0.050000000000000044	0	60	3	57
group_2636	0.025	0.5589999999999999	0.9	-0.027	0.215	0.0116	bad-chisq	0.016666666666666666	0.9833333333333333	0.9666666666666667	0.033333333333333326	1	59	2	58
group_424	0.025	0.5589999999999999	0.542	-0.157	0.257	0.0562	bad-chisq	0.016666666666666666	0.9833333333333333	0.9666666666666667	0.033333333333333326	1	59	2	58
group_428	0.025	0.5589999999999999	0.501	0.198	0.294	0.0621	bad-chisq	0.016666666666666666	0.9833333333333333	0.9666666666666667	0.033333333333333326	1	59	2	58
group_432	0.025	0.5589999999999999	0.9	0.0269	0.215	0.0115	bad-chisq	0.016666666666666666	0.9833333333333333	0.9666666666666667	0.033333333333333326	1	59	2	58
group_433	0.025	0.0794	0.00164	0.835	0.259	0.284	bad-chisq	0.05	0.95	1.0	0.0	3	57	0	60
skp_2	0.025	0.0794	0.33899999999999997	0.222	0.231	0.088	bad-chisq	0.05	0.95	1.0	0.0	3	57	0	60
group_797	0.025	0.0794	0.662	-0.11199999999999999	0.255	0.0403	bad-chisq	0.0	1.0	0.95	0.050000000000000044	0	60	3	57
tetR	0.025	0.5589999999999999	0.501	0.198	0.294	0.0621	bad-chisq	0.016666666666666666	0.9833333333333333	0.9666666666666667	0.033333333333333326	1	59	2	58
lpp_2	0.025	0.0794	0.57	-0.177	0.31	0.0524	bad-chisq	0.0	1.0	0.95	0.050000000000000044	0	60	3	57
group_841	0.025	0.0794	0.604	-0.11599999999999999	0.223	0.0478	bad-chisq	0.0	1.0	0.95	0.050000000000000044	0	60	3	57
group_844	0.025	0.0794	0.604	-0.11599999999999999	0.223	0.0478	bad-chisq	0.0	1.0	0.95	0.050000000000000044	0	60	3	57
group_1204	0.0167	0.154	0.0764	-0.534	0.299	0.162	bad-chisq	0.0	1.0	0.9666666666666667	0.033333333333333326	0	60	2	58
rraB_2	0.0167	0.154	0.0764	-0.534	0.299	0.162	bad-chisq	0.0	1.0	0.9666666666666667	0.033333333333333326	0	60	2	58
group_1256	0.0167	0.154	0.0764	-0.534	0.299	0.162	bad-chisq	0.0	1.0	0.9666666666666667	0.033333333333333326	0	60	2	58
group_1359	0.0167	0.154	0.669	-0.158	0.369	0.0395	bad-chisq	0.0	1.0	0.9666666666666667	0.033333333333333326	0	60	2	58
group_1360	0.0167	0.154	0.669	-0.158	0.369	0.0395	bad-chisq	0.0	1.0	0.9666666666666667	0.033333333333333326	0	60	2	58
group_1361	0.0167	0.154	0.669	-0.158	0.369	0.0395	bad-chisq	0.0	1.0	0.9666666666666667	0.033333333333333326	0	60	2	58
group_1362	0.0167	0.154	0.669	-0.158	0.369	0.0395	bad-chisq	0.0	1.0	0.9666666666666667	0.033333333333333326	0	60	2	58
group_1363	0.0167	0.154	0.669	-0.158	0.369	0.0395	bad-chisq	0.0	1.0	0.9666666666666667	0.033333333333333326	0	60	2	58
group_1364	0.0167	0.154	0.669	-0.158	0.369	0.0395	bad-chisq	0.0	1.0	0.9666666666666667	0.033333333333333326	0	60	2	58
group_1365	0.0167	0.154	0.669	-0.158	0.369	0.0395	bad-chisq	0.0	1.0	0.9666666666666667	0.033333333333333326	0	60	2	58
group_1380	0.0167	0.154	0.669	-0.158	0.369	0.0395	bad-chisq	0.0	1.0	0.9666666666666667	0.033333333333333326	0	60	2	58
group_1381	0.0167	0.154	0.669	-0.158	0.369	0.0395	bad-chisq	0.0	1.0	0.9666666666666667	0.033333333333333326	0	60	2	58
group_1382	0.0167	0.154	0.669	-0.158	0.369	0.0395	bad-chisq	0.0	1.0	0.9666666666666667	0.033333333333333326	0	60	2	58
group_1383	0.0167	0.154	0.669	-0.158	0.369	0.0395	bad-chisq	0.0	1.0	0.9666666666666667	0.033333333333333326	0	60	2	58
group_1384	0.0167	0.154	0.669	-0.158	0.369	0.0395	bad-chisq	0.0	1.0	0.9666666666666667	0.033333333333333326	0	60	2	58
group_1385	0.0167	0.154	0.669	-0.158	0.369	0.0395	bad-chisq	0.0	1.0	0.9666666666666667	0.033333333333333326	0	60	2	58
group_1386	0.0167	0.154	0.669	-0.158	0.369	0.0395	bad-chisq	0.0	1.0	0.9666666666666667	0.033333333333333326	0	60	2	58
group_1387	0.0167	0.154	0.669	-0.158	0.369	0.0395	bad-chisq	0.0	1.0	0.9666666666666667	0.033333333333333326	0	60	2	58
group_1388	0.0167	0.154	0.669	-0.158	0.369	0.0395	bad-chisq	0.0	1.0	0.9666666666666667	0.033333333333333326	0	60	2	58
group_1389	0.0167	0.154	0.669	-0.158	0.369	0.0395	bad-chisq	0.0	1.0	0.9666666666666667	0.033333333333333326	0	60	2	58
group_1394	0.0167	0.154	0.669	-0.158	0.369	0.0395	bad-chisq	0.0	1.0	0.9666666666666667	0.033333333333333326	0	60	2	58
group_1395	0.0167	0.154	0.669	-0.158	0.369	0.0395	bad-chisq	0.0	1.0	0.9666666666666667	0.033333333333333326	0	60	2	58
group_1396	0.0167	0.154	0.669	-0.158	0.369	0.0395	bad-chisq	0.0	1.0	0.9666666666666667	0.033333333333333326	0	60	2	58
group_1397	0.0167	0.154	0.669	-0.158	0.369	0.0395	bad-chisq	0.0	1.0	0.9666666666666667	0.033333333333333326	0	60	2	58
group_1398	0.0167	0.154	0.669	-0.158	0.369	0.0395	bad-chisq	0.0	1.0	0.9666666666666667	0.033333333333333326	0	60	2	58
group_1399	0.0167	0.154	0.669	-0.158	0.369	0.0395	bad-chisq	0.0	1.0	0.9666666666666667	0.033333333333333326	0	60	2	58
pir	0.0167	0.154	0.669	-0.158	0.369	0.0395	bad-chisq	0.0	1.0	0.9666666666666667	0.033333333333333326	0	60	2	58
dnaJ_2	0.0167	0.154	0.669	-0.158	0.369	0.0395	bad-chisq	0.0	1.0	0.9666666666666667	0.033333333333333326	0	60	2	58
group_1404	0.0167	0.154	0.669	-0.158	0.369	0.0395	bad-chisq	0.0	1.0	0.9666666666666667	0.033333333333333326	0	60	2	58
group_1405	0.0167	0.154	0.669	-0.158	0.369	0.0395	bad-chisq	0.0	1.0	0.9666666666666667	0.033333333333333326	0	60	2	58
group_1406	0.0167	0.154	0.669	-0.158	0.369	0.0395	bad-chisq	0.0	1.0	0.9666666666666667	0.033333333333333326	0	60	2	58
group_1408	0.0167	0.154	0.669	-0.158	0.369	0.0395	bad-chisq	0.0	1.0	0.9666666666666667	0.033333333333333326	0	60	2	58
group_1442	0.0167	0.154	0.0295	0.606	0.275	0.19899999999999998	bad-chisq	0.03333333333333333	0.9666666666666667	1.0	0.0	2	58	0	60
group_1447	0.0167	0.154	0.129	0.386	0.252	0.14	bad-chisq	0.03333333333333333	0.9666666666666667	1.0	0.0	2	58	0	60
group_1643	0.0167	0.154	0.0892	0.604	0.353	0.156	bad-chisq	0.03333333333333333	0.9666666666666667	1.0	0.0	2	58	0	60
group_1732	0.0167	0.154	0.098	-0.405	0.243	0.152	bad-chisq	0.0	1.0	0.9666666666666667	0.033333333333333326	0	60	2	58
group_1794	0.0167	0.154	0.6859999999999999	-0.13	0.319	0.0373	bad-chisq	0.0	1.0	0.9666666666666667	0.033333333333333326	0	60	2	58
group_2531	0.0167	0.154	0.762	-0.0801	0.264	0.0279	bad-chisq	0.0	1.0	0.9666666666666667	0.033333333333333326	0	60	2	58
group_2537	0.0167	0.154	0.762	-0.0801	0.264	0.0279	bad-chisq	0.0	1.0	0.9666666666666667	0.033333333333333326	0	60	2	58
group_2558	0.0167	0.154	0.643	-0.124	0.266	0.0428	bad-chisq	0.0	1.0	0.9666666666666667	0.033333333333333326	0	60	2	58
group_2584	0.0167	0.154	0.762	-0.0801	0.264	0.0279	bad-chisq	0.0	1.0	0.9666666666666667	0.033333333333333326	0	60	2	58
group_2606	0.0167	0.154	0.762	-0.0801	0.264	0.0279	bad-chisq	0.0	1.0	0.9666666666666667	0.033333333333333326	0	60	2	58
group_2621	0.0167	0.154	0.762	-0.0801	0.264	0.0279	bad-chisq	0.0	1.0	0.9666666666666667	0.033333333333333326	0	60	2	58
group_2623	0.0167	0.154	0.762	-0.0801	0.264	0.0279	bad-chisq	0.0	1.0	0.9666666666666667	0.033333333333333326	0	60	2	58
group_2634	0.0167	0.154	0.675	-0.109	0.259	0.0387	bad-chisq	0.0	1.0	0.9666666666666667	0.033333333333333326	0	60	2	58
group_2665	0.0167	0.154	0.726	-0.0921	0.262	0.0323	bad-chisq	0.0	1.0	0.9666666666666667	0.033333333333333326	0	60	2	58
group_2666	0.0167	0.154	0.754	-0.0854	0.272	0.0289	bad-chisq	0.0	1.0	0.9666666666666667	0.033333333333333326	0	60	2	58
group_434	0.0167	0.154	0.456	-0.379	0.507	0.0686	bad-chisq	0.0	1.0	0.9666666666666667	0.033333333333333326	0	60	2	58
group_724	0.0167	0.154	0.17800000000000002	-0.39399999999999996	0.29100000000000004	0.124	bad-chisq	0.0	1.0	0.9666666666666667	0.033333333333333326	0	60	2	58
group_778	0.0167	0.154	0.62	-0.126	0.254	0.0458	bad-chisq	0.0	1.0	0.9666666666666667	0.033333333333333326	0	60	2	58
group_78	0.0167	0.154	0.0764	-0.534	0.299	0.162	bad-chisq	0.0	1.0	0.9666666666666667	0.033333333333333326	0	60	2	58
group_788	0.0167	0.154	0.0764	-0.534	0.299	0.162	bad-chisq	0.0	1.0	0.9666666666666667	0.033333333333333326	0	60	2	58
macB_2	0.0167	0.154	0.0764	-0.534	0.299	0.162	bad-chisq	0.0	1.0	0.9666666666666667	0.033333333333333326	0	60	2	58
group_790	0.0167	0.154	0.0764	-0.534	0.299	0.162	bad-chisq	0.0	1.0	0.9666666666666667	0.033333333333333326	0	60	2	58
group_792	0.0167	0.154	0.0764	-0.534	0.299	0.162	bad-chisq	0.0	1.0	0.9666666666666667	0.033333333333333326	0	60	2	58
group_807	0.0167	0.154	0.22899999999999998	0.428	0.354	0.111	bad-chisq	0.03333333333333333	0.9666666666666667	1.0	0.0	2	58	0	60
group_811	0.0167	0.154	0.379	-0.28600000000000003	0.324	0.081	bad-chisq	0.0	1.0	0.9666666666666667	0.033333333333333326	0	60	2	58
group_812	0.0167	0.154	0.665	0.114	0.262	0.04	bad-chisq	0.03333333333333333	0.9666666666666667	1.0	0.0	2	58	0	60
group_816	0.0167	0.154	0.584	0.136	0.247	0.0505	bad-chisq	0.03333333333333333	0.9666666666666667	1.0	0.0	2	58	0	60
group_817	0.0167	0.154	0.423	0.24600000000000002	0.305	0.0739	bad-chisq	0.03333333333333333	0.9666666666666667	1.0	0.0	2	58	0	60
group_821	0.0167	0.154	0.0181	-0.84	0.35100000000000003	0.215	bad-chisq	0.0	1.0	0.9666666666666667	0.033333333333333326	0	60	2	58
group_837	0.0167	0.154	0.816	-0.0611	0.261	0.0215	bad-chisq	0.0	1.0	0.9666666666666667	0.033333333333333326	0	60	2	58
group_842	0.0167	0.154	0.762	-0.0801	0.264	0.0279	bad-chisq	0.0	1.0	0.9666666666666667	0.033333333333333326	0	60	2	58
group_843	0.0167	0.154	0.762	-0.0801	0.264	0.0279	bad-chisq	0.0	1.0	0.9666666666666667	0.033333333333333326	0	60	2	58
group_845	0.0167	0.154	0.7559999999999999	-0.0823	0.264	0.0287	bad-chisq	0.0	1.0	0.9666666666666667	0.033333333333333326	0	60	2	58
gltR_3	0.0167	0.154	0.0764	-0.534	0.299	0.162	bad-chisq	0.0	1.0	0.9666666666666667	0.033333333333333326	0	60	2	58
